"","mean","se_mean","sd","2.5%","25%","50%","75%","97.5%","n_eff","Rhat"
"alpha00",10.3566095758792,0.056513567599396,0.124159545255848,10.11372373133,10.2727507145281,10.3437775804701,10.441156004719,10.6166052561943,4.8267496946438,1.90418858328799
"alpha01",5.40669832278485,0.0530930708886525,0.122683474975678,5.13436022968797,5.32975253517292,5.42438363065868,5.49068927635952,5.6016636252881,5.3394490460715,1.76536265998629
"alpha02",0.278270867034477,0.00284783721294313,0.00494977997263094,0.269347555753877,0.274778448904771,0.277845368707704,0.281840455226926,0.288244575076656,3.02093559826795,1.26141778601507
"alpha03",1.98958780984168,0.00148810267400061,0.00715151599001589,1.97613010233088,1.98462017974337,1.9892105791489,1.99418032111376,2.00343560497958,23.0956629972615,1.1158378071027
"alpha04",9.85608468021401,0.0475280640137032,0.127765615323603,9.6098406907466,9.76314902159275,9.86430214594086,9.94950619935965,10.0875148699448,7.22649544294008,1.66921906198709
"alpha11",-0.337642815257437,0.100927361876352,0.101158691193644,-0.460168476921735,-0.436629922230906,-0.331201346277525,-0.236850140481569,-0.234596638254152,1.00458932881517,18.3022874460018
"alpha12",0.0275182493984673,0.00682012635836284,0.00682678106631593,0.0205105908909385,0.0206562843088133,0.0272761969842532,0.0344322901637808,0.034944771206322,1.00195244318187,39.3924881868401
"b",-0.951971695922422,0.937324886802378,0.966496576281473,-2.59036611076939,-1.76053876415111,-0.767170132979014,0.00246603969722176,0.00408563201241424,1.063213160495,5.81760391125055
"c",0.530366566639829,0.474976037152774,0.477488285006888,0.0511275290178415,0.0557127387480559,0.451432437325674,1.01639122541026,1.1333864616333,1.01060639510174,10.8592647848045
"sigma_b",0.360496961791949,0.207349223489924,0.30566699111463,0.0223010838089732,0.134719081543686,0.176654588455122,0.701276894867295,0.908794985274827,2.17316277524102,2.92937661053427
"sigma_u",0.702305809056704,0.193537353039624,0.20038593751804,0.450893564478163,0.505069331976579,0.64021248183596,0.891475199015574,1.01402977589923,1.07202493619755,3.86991827376289
"sigma_e",1.12567732624315,0.0425542512418327,0.053723023786549,1.0192170478137,1.07511485466021,1.14383405028025,1.16720603553975,1.19596047239814,1.59380428823825,3.14752853176848
"lambda0",0.144864158058925,0.0152554268601764,0.0157629760147435,0.124638212566453,0.12693906740506,0.14754871167801,0.159984548402174,0.164188262371576,1.06764704230565,6.20259191244695
"gamma",0.662476843991675,0.0959464641396382,0.0961206398909259,0.562091356529087,0.566302929116791,0.657382015339078,0.761217706504677,0.767676971796344,1.0036339816631,30.4151988624505
"z_b[1]",-0.781457105210948,0.468827408371591,0.687066006864137,-1.60977086674314,-1.27551729341957,-1.03951159093591,-0.269296954585549,0.71291529187658,2.1476867483587,1.62748323803273
"z_b[2]",-0.259448043548121,0.260715333528055,0.758444684817017,-1.82055678837826,-0.568290987645249,-0.254883784395232,0.121855369835528,1.33435132143444,8.46281166225985,1.29964639576933
"z_b[3]",-0.594029579134329,0.280238091753583,0.767062044060388,-1.89571020718446,-1.06034886034186,-0.665630586023162,-0.334854358840915,1.4698127006998,7.49215325990999,1.39084388773668
"z_b[4]",0.321545434254304,0.322730471262915,0.883456953004863,-1.50101903459548,-0.253658420497189,0.382730850147994,0.92362700468917,1.99975980617194,7.4936057743395,1.23863488408763
"z_b[5]",0.196397726526037,0.195166721610968,0.73801546948152,-1.00939322998788,-0.340340001890997,0.107474675160723,0.680249993558359,1.76933386095299,14.2994520691117,1.09256218005279
"z_b[6]",0.0616767592999105,0.45142761633924,0.596927603988845,-1.16832541072749,-0.371082761918509,0.161526832036291,0.566952269652759,0.920601925075822,1.74850580191401,1.54423429124016
"z_b[7]",0.520024392375542,0.314942660020957,0.609115941954838,-0.491970017102183,0.0152069736926694,0.555319205852016,0.994003204103735,1.54549194414118,3.74056279399475,1.64712023393664
"z_b[8]",1.54807731463488,0.664050651645782,0.844850608946868,-0.582253006815966,0.949552578130376,1.78647746556903,2.2583765157719,2.51602415662084,1.61866668567257,2.55766371564086
"z_b[9]",0.549956528276839,0.232001816355795,0.760219753427293,-1.04762118733538,0.0748183488151668,0.501256195031734,1.05532592955222,1.99263696091141,10.7373109426487,1.1814152954885
"z_b[10]",0.450368668972372,0.408908202929858,0.896598310995285,-1.89161134517854,0.0924413120209837,0.643782473597743,0.876612572342288,1.90850867662875,4.80777557911761,1.91387178735445
"z_b[11]",-0.338526318686039,0.508904028204297,0.6372157230009,-1.77789797383067,-0.804665314612078,-0.128211327454052,0.218884067941887,0.482629245725123,1.5678380114957,1.80634077916568
"z_b[12]",0.753534927235915,0.420913135709293,0.824194999589933,-1.20965555248012,0.283080882091373,1.11814771607747,1.2428210462963,2.07799153039509,3.83420202396669,1.38835346801225
"z_b[13]",-0.137103184907541,1.22298973896943,1.23577252071218,-1.77023607641157,-1.35260290104941,-0.00560810130225947,1.08717443340891,1.30588823872008,1.02101339796513,7.57821215363798
"z_b[14]",-0.00202090766192872,0.595092421670101,0.820316886664169,-1.39765881379493,-0.488204964773547,-0.114902579118551,0.50740088229212,1.57056277272063,1.90017878188451,1.58969485573248
"z_b[15]",-0.00469997930122428,0.190392940292424,0.572448327581947,-0.931491909100456,-0.406748798009488,-0.0713782086476166,0.308023015191165,1.32408241492647,9.04005140665508,1.24823204145041
"z_b[16]",-0.362467764386395,0.163940285952965,0.577538281327578,-1.32418549019,-0.69211100178245,-0.475246974913025,-0.125518713463063,1.03032478701974,12.4105256274163,1.1757132604776
"z_b[17]",-0.103440473979176,0.307584050795179,0.566023347496078,-1.04056021609158,-0.479203632685852,-0.151378022521232,0.139764819978765,1.31883597756845,3.38642191967472,1.42068397660655
"z_b[18]",0.325373143455416,0.489356962834319,0.933424423407988,-1.91063079928193,-0.229298204843779,0.462466591495766,0.991691939911798,1.91200621826341,3.63836928070411,1.27111788051946
"z_b[19]",0.598885664346771,0.492625292994109,0.879442113454356,-0.933285207819536,-0.0257057779587989,0.470316398678016,1.49120255068025,1.99651313109917,3.18699296601935,1.66862460274298
"z_b[20]",0.0951379758973175,0.326604606231809,0.790337894637717,-1.53157054809681,-0.322387693334074,0.258622488414411,0.372469985567414,1.67096250052752,5.85572941681995,1.66448426334446
"z_b[21]",0.947184632683299,0.6527100092265,0.825375145387643,-0.899759364020449,0.273251933057082,1.31278031612801,1.61043681362823,1.780895825932,1.59905067983625,1.65533105629883
"z_b[22]",0.941515469550985,0.235117795385645,0.309635129542528,0.268885820426548,0.716342368724448,1.06074444642527,1.16739854412693,1.34149220423112,1.734320882447,1.68791930602289
"z_b[23]",-0.0213454284316139,0.169093237713103,0.812883478837214,-2.06600560895972,-0.42043977319077,-0.00459739490434254,0.368480366760631,1.73410046880403,23.1102218309014,1.12846079065573
"z_b[24]",0.711836152797921,0.25496052462837,0.720541003455612,-0.963195435132456,0.346585077452037,0.712719089252764,1.17128536096762,2.11551052517499,7.98677613998735,1.25472366029232
"z_b[25]",0.131339818419907,0.715039462721426,1.01745251905296,-2.01918106337988,-0.549756491199652,0.272702916746459,0.892852364240197,1.84487077469787,2.02473542203352,1.4910957804468
"z_b[26]",0.0936437698678949,0.215962812534326,0.628195287931167,-1.4345980370972,-0.0591585354592721,0.307238625430508,0.409865284433311,1.05163431886816,8.46118906367277,1.14505837426184
"z_b[27]",1.56406363468393,0.973597474429677,1.05188152850618,-0.107175105892669,0.671350156506188,1.45313162235244,2.49820564702753,3.30801672946753,1.16727928997693,3.61631094856148
"z_b[28]",0.0604208872722867,0.279055158536843,0.767873764300209,-1.35707526007531,-0.534035716355137,0.0469395247488673,0.661621760323791,1.51502262560815,7.57180722589442,1.34103643604369
"z_b[29]",0.298488848334957,1.37731191309258,1.403326083318,-1.76623812199708,-1.02412596753393,0.503406058885804,1.67409460044739,1.92105561022413,1.03813202093736,7.32417980987323
"z_b[30]",-1.20620613530652,0.685916017566243,0.9554164147751,-2.22429635880328,-1.89242252932394,-1.60549454875728,-0.593707708636022,1.15851161877135,1.94018663100857,1.66772704091538
"z_b[31]",-0.0109315941401924,0.241636609681504,0.694164396201792,-1.42284446424325,-0.543283899411183,-0.0303459701724445,0.55821522479679,1.24438600821917,8.25275975148243,1.53874115310003
"z_b[32]",0.0502842281028866,0.115616887640687,0.512045824197903,-1.10754518610425,-0.256915007092182,0.136098851014674,0.402638631345893,1.16216257483085,19.6144036802909,1.20439421451204
"z_b[33]",-0.243069775917316,0.178078978698848,0.816667494746859,-1.83498974101024,-0.747683298807813,-0.267391567253586,0.134638962520045,1.71567860023206,21.0312568554301,1.02682172752764
"z_b[34]",-0.106255365497087,0.358434546601589,0.547306988596519,-0.668407315166262,-0.462047604448354,-0.373637756835308,0.165827704335657,1.30609948230524,2.3315367494706,1.39869269741393
"z_b[35]",-0.0111101399457704,0.605781980251233,1.02236689196017,-1.39919651575278,-0.869508979124106,-0.214428308757247,0.705564143151286,2.22614241551074,2.84826801442973,1.69529872762474
"z_b[36]",-0.373250314554081,0.557058018767785,0.807219875531477,-1.90373202843667,-1.00284975476711,-0.346503169000906,0.27392140784487,1.19325149729986,2.09982369862333,1.61640204292337
"z_b[37]",0.293035610933139,0.448323349979314,0.813601439300373,-1.64179749364632,-0.202239755183533,0.657814397613793,0.798535543607743,1.55958727172695,3.29337131769171,1.29339698742276
"z_b[38]",0.0448971655191221,0.6463499883417,0.980086005027553,-1.6647145738344,-0.715571526249897,0.0704918952853828,0.726290479194608,2.12539345062101,2.29928541770343,2.0645741014999
"z_b[39]",0.94483410796807,0.168391295477016,0.450185119351132,-0.0383915675767512,0.754036896024558,0.945527110854004,1.28390316959099,1.73067328480905,7.14731618288924,1.37347229050728
"z_b[40]",-0.226869082219896,0.16838265310993,0.586799506704721,-1.49707753309216,-0.495048466735457,-0.160834315782462,0.064605097348464,1.06549687129467,12.144643863346,1.07596343073743
"z_b[41]",0.0804183663392277,0.269798373516789,0.957365536746218,-1.5814936258646,-0.364721772558256,-0.110419524016983,0.326022464553609,2.61880734106713,12.5914842039936,1.1263148038926
"z_b[42]",0.826243279903464,0.59666028255373,0.990687532931878,-1.38182451193231,0.0738020746634519,1.313005235639,1.50721307708169,2.03334347731314,2.75688808626709,1.45439430445966
"z_b[43]",0.0911613375109512,0.216945066273162,0.712787251294023,-1.28151356352426,-0.341654500565731,0.00250296060680747,0.452599175840652,1.78870854309068,10.7949414469093,1.17012803305962
"z_b[44]",-0.504017732995171,0.339946797012674,0.85795387870855,-2.09262719838166,-1.18831698213813,-0.483360245435225,0.205210899440211,0.959032892309606,6.36950931028974,1.58931679825528
"z_b[45]",-0.324053142349917,0.506194732020312,0.835191175164608,-1.35746651358652,-0.866649223941617,-0.700365890744015,0.263072341991277,1.66798259657614,2.72230356173746,1.56910490276659
"z_b[46]",0.697053733439973,0.582743198357446,0.842451177991257,-1.33018817501625,0.27415738528063,0.77870520995006,1.28028135906897,2.12397067419103,2.0899459632043,1.64651481056519
"z_b[47]",0.414233708505186,0.310218028886763,0.967612364452344,-1.26451620154246,-0.339786811664349,0.331233861440497,1.27498139398724,2.12376563425027,9.72901225614777,1.28786679187063
"z_b[48]",0.0507152692264712,0.696796539806858,1.01217386248297,-1.99601382860057,-0.743603749708592,0.189820855822649,0.957617159307907,1.53189583788189,2.11007681606596,1.90480461533847
"z_b[49]",-0.605461982036386,0.260058038412706,0.89761185434863,-2.69422476547204,-1.13354415892888,-0.510780625554755,-0.145530982647367,1.32745473368775,11.9134238773258,1.20395525773514
"z_b[50]",0.602688344260973,0.752469705351222,0.869302321663252,-1.15593237862143,-0.117005579889353,1.05361025659588,1.29384204566076,1.6352504332451,1.33463847152568,2.10419563765112
"z_b[51]",0.147416284355954,0.335385374487857,0.709835408433762,-1.10014734704222,-0.334000763088408,0.00197048390921788,0.608308637386727,1.75531567646549,4.47947460368851,1.35961344092189
"z_b[52]",0.327788473173377,0.279144662272601,0.689812346568834,-0.776954553677715,-0.297278913401277,0.267955322414104,0.853574790593412,1.58114245525474,6.10665339817998,1.73827548420083
"z_b[53]",0.267821185461705,0.323792184514426,1.02657486613552,-2.05424885489202,-0.436168573494015,0.261160220702644,1.16716877791084,1.80723766939138,10.0519085910512,1.28264783382078
"z_b[54]",-0.53345981193652,0.408887101933442,0.78456252372902,-1.55236605787912,-1.01082489567565,-0.888981772938719,-0.184787408099409,1.43377918681075,3.68169914040298,1.26673789545524
"z_b[55]",1.64036826274559,1.49116049024796,1.56391448482248,-0.972141342510773,0.152019004301343,2.35074388231527,3.18434746819706,3.27416563424056,1.09996084988848,3.16586759470073
"z_b[56]",-1.10800071674906,0.214459233223552,0.461654143187738,-2.15291440755546,-1.37312228012497,-1.10418692210179,-0.763489726882304,-0.342927348924644,4.63387140372122,1.5455283105488
"z_b[57]",-0.0371424072538625,0.275382136604592,0.659783277068361,-1.22302669026033,-0.456462596729969,0.0193971345237559,0.320340619544419,1.39642168060556,5.74025356568876,1.52089998141213
"z_b[58]",0.690361542505902,0.0898398764652896,0.544427828262897,-0.764172207660614,0.615095263714561,0.747227171674767,0.840994191622331,1.72719065525133,36.7233540497719,1.00945237640576
"z_b[59]",-0.143714970870098,0.463344826488512,0.924152680546512,-1.7931910876914,-0.846395118194865,-0.0895867817809492,0.531606455168739,1.46746861223151,3.97812860240299,1.77880037198687
"z_b[60]",-0.0348248793806164,0.781799424372334,1.20800685864249,-2.60769129123026,-0.80215137435644,0.0685687149248104,0.797159037236378,2.24186921284403,2.38752598761545,1.38126071453823
"z_b[61]",-0.369454482858448,0.506416530691495,0.988769650548421,-2.05882098884711,-1.11328598624608,-0.555589233398724,0.355021545371901,1.52984250158783,3.81218973770549,1.700546537552
"z_b[62]",-0.542710052683167,0.765712361745413,0.975652921803086,-1.63902143790059,-1.31604414786406,-1.02713552670205,0.209111180968086,1.64751883891513,1.62352650099744,1.70431916619917
"z_b[63]",0.698427412042588,0.272067711368553,0.840710721833028,-0.890974785489303,0.0331736744268352,0.859680118520152,1.25181377404514,2.25753752922931,9.54858823430502,1.15054400864236
"z_b[64]",-0.268953563413395,0.306903367502661,1.12525635275615,-2.27016224920673,-1.21969717943367,-0.126738182136369,0.587080384950603,1.71310772253385,13.4431065054697,1.03702311326088
"z_b[65]",0.102016582498017,0.343985324158845,0.87728587370673,-2.11253897521422,-0.338036955964771,0.242362994207478,0.769785465233749,1.31443127808182,6.50432815768185,1.4163637396053
"z_b[66]",-0.0855229921694917,0.255457688227506,0.723185178272427,-1.76961720596815,-0.404496501579278,0.0716068115419516,0.423363539007268,1.03755296679913,8.01421663724538,1.58176785636036
"z_b[67]",-0.138694529315572,0.641576636423086,0.825498687397355,-1.11300922418932,-0.749547898710301,-0.475507013383164,0.402823080259459,1.88718622263389,1.6555248093426,1.80469856753116
"z_b[68]",0.508952849617486,0.123155568189784,0.327852538907077,-0.25922929941984,0.347898260079991,0.54313611983906,0.752888502903591,1.13180391951182,7.08678076899185,1.20240336444483
"z_b[69]",0.145493454626035,0.230433438504926,0.473462487064126,-0.591550846541087,-0.188848913991696,0.0218111955459055,0.406121071844101,1.29449795766548,4.2216298253442,1.20936418897813
"z_b[70]",0.549068510105367,0.23564161938249,0.419797701729237,-0.447140657296091,0.25015254595705,0.732141647608664,0.831437484588641,1.01207769879429,3.17377486179318,1.3367448520364
"z_b[71]",-0.965321621949328,0.448972800202334,0.791441585598671,-2.3533067597958,-1.50566640237452,-1.09841090515797,-0.487455137738529,0.689262409711263,3.10740363762918,1.69186020057229
"z_b[72]",-0.560856141809822,0.430631651422252,0.890195530219682,-2.31409249064984,-1.14281157187996,-0.437890830941324,0.0502627557875594,0.9930440960474,4.27325612718983,1.40215428475259
"z_b[73]",-0.422177932780284,0.515966964206787,0.64969362198147,-1.96934378733099,-0.924028036664718,-0.0270590916598437,0.0939577329719709,0.201873435938892,1.58552617014969,1.74996698647218
"z_b[74]",-0.465180272821618,0.182583906141274,0.657106237214515,-1.4522691876451,-0.953011212373149,-0.514337438428373,-0.172455554493294,1.35556734635602,12.9522790061787,1.22037388383976
"z_b[75]",0.003141063674905,0.165395216014108,0.64964633268744,-1.58315487113804,-0.285513957176454,0.21490847086087,0.336216699009376,1.18349195276316,15.4279454665998,1.11916421121106
"z_b[76]",-0.281752840392639,0.743817285583546,1.17365945009036,-2.02254149025613,-1.29013391283222,-0.463605683813333,0.741414581004882,1.89858638773286,2.48972664142204,1.80063127316232
"z_b[77]",-0.323823931772189,0.45645712160061,0.725413068241307,-1.95201471803286,-0.914188906095183,0.0398822343003624,0.150217153848734,0.648261338521304,2.52563609481466,1.86595937767627
"z_b[78]",-0.687053396086379,0.851574239789679,1.00421746777557,-1.88702036129493,-1.48468479560739,-1.21490666936765,0.16397494114954,1.41792631704593,1.39062653416385,1.86966208780683
"z_b[79]",-0.928911112334669,0.565350040074869,0.683958685408313,-2.3260547018008,-1.56957025527476,-0.60480280532705,-0.363953824430448,-0.0872728343163276,1.46360836596357,2.09020123727762
"z_b[80]",0.086708951001479,0.119813612271522,0.555124663277199,-1.21963334586003,-0.0697229577714918,0.161869873450896,0.353163550679621,1.25088156028736,21.4668697690139,1.12641006394785
"z_b[81]",0.273622879859711,1.02227001941705,1.14984867120468,-1.51880319443769,-0.60529106363487,-0.144610275866393,1.37730949786834,2.31026593281517,1.26517361701876,2.58404434880202
"z_b[82]",0.080986739995826,0.202085967654379,0.638337608684608,-1.29825155481634,-0.168183406857171,0.0944733007506198,0.229003980337323,1.65128272067241,9.97765649468232,1.60618260595768
"z_b[83]",-0.710621497457287,0.21259683218603,0.529210367386848,-1.4475086255632,-1.05561284741417,-0.795889341354647,-0.486421548077948,0.599212437601023,6.19645227494777,1.285411955114
"z_b[84]",-0.51757442595816,0.734842409415731,0.877817697268884,-1.63444266659041,-1.20354024163083,-0.876402595980297,0.090155846542547,1.50323925652079,1.42698773205655,1.75598225240376
"z_b[85]",-0.277800168473769,0.341040581463286,0.826245272427189,-1.6437007993527,-0.928533119601385,-0.23391801928323,0.280950860064496,1.45226561037694,5.86956416963227,1.44311714110526
"z_b[86]",-0.199745518858552,0.449031689461098,0.786651807583498,-1.29815226484213,-0.762409541722255,-0.378557266161081,0.275088316157562,1.66242351436434,3.06910047808504,1.27199121744041
"z_b[87]",-0.604103685199747,0.439845545524045,0.637948794085144,-1.81744631497609,-1.05331239686186,-0.624926007650992,-0.195991213866631,0.83492852615694,2.10363915389992,1.45452932003642
"z_b[88]",-1.17984028208994,0.237897905925275,0.857106638433432,-3.08798282714415,-1.62439632397945,-0.98063092132124,-0.867642450186939,1.08487634480061,12.9804120572821,1.11227317938042
"z_b[89]",-0.716058707818688,0.707192039986269,1.0348006153686,-2.8906198598044,-1.25759495098353,-0.653923446071416,-0.0149040349219656,1.04558145825373,2.14110827138326,1.65466903905897
"z_b[90]",-0.211511797522601,0.311191829432751,1.05618331765393,-2.32642456285477,-1.01612937119432,-0.155031870740619,0.657399836195601,1.6333570038532,11.5191977960071,1.03977649151626
"z_b[91]",0.283174919390122,0.375522423547871,0.834305169674548,-1.26350959716055,-0.388073063345198,0.352174280366391,0.902123876864254,1.7673378022163,4.93603373354896,1.30306550149142
"z_b[92]",-0.627757665401414,0.199261468741788,0.564509864615776,-2.05050335386563,-0.942442024200916,-0.668497516066814,-0.172532566482068,0.324685511429949,8.02594938667978,1.19852769845673
"z_b[93]",0.0247061166985374,0.314591634473384,0.6029795380872,-1.36826586445531,-0.44443915252984,0.169716588887683,0.498427403312795,0.898224468934338,3.67376024227204,1.36103117634217
"z_b[94]",-0.742584677585822,1.15259249374862,1.17574373554246,-2.31246745232451,-1.91028829663729,-0.813230723660774,0.367473854231226,0.875731205114603,1.04057592348248,5.99068843155412
"z_b[95]",-1.1090631432158,0.711688171498666,0.929150888968701,-2.10262918878339,-1.89654845115809,-1.47422575266995,-0.397844803831409,1.00646017579497,1.70448427120384,1.64652583350101
"z_b[96]",-0.671071757851852,0.398936414246746,0.834107134354867,-1.94679316741445,-1.19751466305723,-1.06143225748718,0.00670075457400093,1.16781868289724,4.37155867771095,1.28391668134706
"z_b[97]",-0.271143580065222,0.324205572378219,0.740634862977095,-1.15318880507158,-0.722698692303719,-0.49711757405928,-0.0695147380691827,1.92548893044848,5.21876032566245,1.17876384211967
"z_b[98]",-0.305215386076739,0.528488691716816,0.779075697359483,-1.33723728479326,-0.865645405424748,-0.552234621285562,0.195468380428448,1.54566818993172,2.17314105335116,1.47499240542291
"z_b[99]",-0.285139225798271,0.165927011824062,0.723663179047298,-1.60647903009294,-0.836682018721001,-0.320489246868946,0.223792221838983,1.18319646577952,19.0212374589565,1.20388919261321
"z_b[100]",0.687286687636064,0.369171741821211,0.919198289529167,-1.39979951665276,0.18170562945709,0.968929042349446,1.26604436941987,2.17615570940985,6.19956922567432,1.23173756294069
"z_b[101]",0.528386277157844,0.168404675326305,0.590868820851435,-0.65445598173772,0.220416574857132,0.365776482299758,0.809578606249499,1.88000113145928,12.3104480107435,1.25185922566602
"z_b[102]",-0.680051562511559,0.174208455131934,0.635672829495554,-1.91143826151147,-1.14301250807107,-0.660187505009092,-0.223504548375272,0.564458846198255,13.3146219167008,1.09961961183666
"z_b[103]",-0.208790888784724,0.583023303950827,0.742527700039263,-1.8017680107477,-0.642030337323188,-0.119222053453913,0.395673241862456,0.903364418067257,1.62200986361164,1.86798350188622
"z_b[104]",1.53552389017955,0.957068806517636,1.07001745999661,-0.878597442928033,0.715989012869229,2.0033031430681,2.48599506203587,2.66053148457062,1.24995795674107,3.24046779514884
"z_b[105]",0.382680773298536,0.270160841075653,0.698171108030938,-1.61515430635743,0.136895592453568,0.47474478150979,0.778726793326935,1.44616293731469,6.67850024210539,1.30655763650786
"z_b[106]",-0.617353340560691,0.471199767085819,0.698268218818606,-2.23599191542823,-1.11000994038763,-0.448517339837375,-0.108008381928043,0.356459664163874,2.19601052649873,1.81906885161086
"z_b[107]",-0.752400004838435,0.751798047722081,0.859472900583949,-2.09832223538835,-1.50516358848698,-0.795407867859366,0.0520044471116252,0.889587028285323,1.30695907429651,2.38194565948635
"z_b[108]",1.07949562806283,0.915242093157556,1.07763024284944,-1.34767847845877,0.17017295386153,1.71642382942836,1.95282208338782,2.12951467444903,1.38633303026843,1.90162805516462
"z_b[109]",0.445461801555599,0.411261270895265,0.777443257693009,-0.517278400890078,-0.0542898568759468,0.126724103951222,0.930276238263987,2.25621095635638,3.57356574554188,2.81572503513731
"z_b[110]",-1.15316500038197,0.542908160853141,0.758328264195844,-2.44638290635527,-1.65452755030614,-1.29617074842158,-0.559807290312741,0.380029799302692,1.95102011309919,1.5613151469445
"z_b[111]",0.113058941267565,0.18956096164823,0.668899308635573,-0.990962867580709,-0.331358299467789,-0.011376659467196,0.483541626644918,1.76741949026438,12.4515577653331,1.0949332144788
"z_b[112]",0.43169840020892,0.176161674664656,0.683580471977212,-0.98760720714335,0.0530737478890308,0.591752336534109,0.770464596198148,2.03374545981851,15.0576235319986,1.12238437328763
"z_b[113]",0.733286231645027,0.352525919786789,0.795757500220852,-1.00769396279075,0.27668150487944,0.80102381175494,1.37130479647426,2.02790442698514,5.09541278579782,1.41195895299523
"z_b[114]",-1.14727936997822,0.358222920080322,1.07039195468811,-3.12409838770032,-1.85980846896318,-1.34637643771472,-0.388332934264082,1.1161281006079,8.92850883817408,1.11104858614707
"z_b[115]",0.558089584973173,0.100552120192211,0.477450056191451,-0.526585256424892,0.401910471251826,0.542207285297359,0.656270858090114,1.81397332958047,22.5462040345595,1.01873912539173
"z_b[116]",1.51527494401831,0.973603896189959,1.01765490565882,-0.185415554969638,0.540961003359268,2.07580489971421,2.49741722462209,2.69693467753164,1.09253775672113,3.39957299408171
"z_b[117]",0.509798223471166,0.292483219955836,0.877516764152375,-1.54444763026571,0.157133031788551,0.815438060026833,0.909674001662838,2.05793252856812,9.00137662976006,1.13755726765447
"z_b[118]",1.09486093393379,1.23091901433045,1.36659184382,-1.55762878018507,-0.166693180311931,2.06125165986729,2.23177327861027,2.57940112463248,1.23259013635276,2.37613845459932
"z_b[119]",-0.238513210049035,0.239784359121306,0.88965904849313,-1.76670357884168,-0.93916167111662,-0.323309689044426,0.35779823539773,1.67811398955532,13.7659281409688,1.18576549803448
"z_b[120]",-1.0926285534778,0.717668829253685,0.862629710679546,-2.11450556659626,-1.80495905809918,-1.43161639477914,-0.410391767433944,0.732530556172108,1.44477645833531,1.84361175494943
"z_b[121]",-0.0716429864863702,0.149508886303849,0.642011255107737,-1.41213731001222,-0.291288665841002,-0.22115501231946,0.0735541459291841,1.542448602174,18.4395904362441,1.06776823138446
"z_b[122]",-0.0595705820321444,0.0958910739998276,0.368331221681675,-0.866680244536404,-0.238381268984806,-0.0468490565116033,0.167269314131926,0.608992910852206,14.7543710562737,1.03485988613279
"z_b[123]",0.0645007125331505,0.304526275913837,0.794735184341563,-1.31367835974039,-0.368903919120655,0.0251464604910328,0.210152238667694,1.99921554692032,6.81075625434364,1.3475668467513
"z_b[124]",-0.225834164424282,1.00889916668863,1.22308254730708,-1.31909868555248,-1.23181906058458,-1.06402917953689,0.946562750907212,2.12033561173429,1.46965708110829,2.06072277547764
"z_b[125]",-0.427152602248632,0.471465686352441,0.726072122099727,-1.93476354256764,-1.07138833287164,-0.0275770732578684,0.0605864022473594,0.507219461753546,2.3716977654082,1.45085516260662
"z_b[126]",0.623767870374221,0.200708295421957,0.779561342404391,-1.1617856177003,0.124387266247829,0.709754406152654,1.1868453572209,1.91693943226184,15.0858555324768,1.24321269461337
"z_b[127]",-0.352217200022264,0.847582781612851,1.07780597420052,-1.55202011777754,-1.20018227325259,-0.904706156549039,0.431703081700358,2.02675000477782,1.61702569834805,1.74355011351715
"z_b[128]",-0.497679072153469,0.154789076903746,0.673111510847069,-2.01729983226831,-0.606486271252358,-0.450981746945321,-0.323664018499986,1.12542506093956,18.9100820979506,1.0384448068782
"z_b[129]",-0.743264983872489,0.26097293726628,0.756196978561495,-2.59269912052622,-1.06146717049471,-0.531123777162413,-0.328268337604784,0.60530341569436,8.39612563202072,1.22658016222846
"z_b[130]",-0.00111116952231564,0.695736070422154,0.764392714271129,-1.34203807443822,-0.663780597012936,-0.0263883737908261,0.738758259832305,1.0724680125961,1.20710219065003,3.38115923889924
"z_b[131]",0.741890452210187,0.432603785744568,0.912573178597564,-1.48340861745496,0.201129579113219,1.0467155929717,1.3980025631383,1.90877045093215,4.44994629106258,1.52004638309651
"z_b[132]",-0.571325506619869,0.348939254859685,0.840428332508601,-1.53368672843296,-1.15880097449179,-0.72344822835179,-0.405912996351979,2.05127464929958,5.80098458181906,1.45937001966426
"z_b[133]",0.356431614628628,0.640911061105762,0.880181314904374,-1.53097755621414,-0.410701729591855,0.915756668441022,0.98598863184932,1.34509235428911,1.88603069202727,1.61218511020263
"z_b[134]",0.0274017360686755,0.86232019001548,1.01570877588276,-1.50838360917017,-1.1054495285299,0.127805345646475,0.909243120518742,1.67248028138924,1.38739875502436,2.4271251414573
"z_b[135]",1.15003697600142,0.509817026286153,0.562481114327128,0.21521113885461,0.673311398206593,1.1412740681748,1.62637023479034,2.04040468782017,1.2172708433661,2.55050698351621
"z_b[136]",0.617226040865306,0.532508409709552,0.591786459845017,-0.0620287520050988,0.11304783627406,0.259322562962903,1.17781622880186,1.79847423184174,1.23502886157271,2.32614419367169
"z_b[137]",0.0301580533839705,0.679507278010527,0.774716280398506,-1.58167867033252,-0.643910162574581,0.456853471204414,0.692294141134226,0.857780803713006,1.29986167674598,2.13115648209233
"z_b[138]",-1.09136537488069,1.01475157260462,1.31381476429981,-2.41279312615618,-2.08444704821542,-1.76874013443609,-0.336491688145372,2.0399176910341,1.67628867148051,2.01768777557303
"z_b[139]",0.692993896300087,0.950425325728263,1.14828130036514,-1.75968424719731,-0.247712480496064,1.51340962679633,1.59298984409667,1.68479536815256,1.45968983688194,1.77169697503418
"z_b[140]",0.750716786276412,0.315133765588152,0.792624279429276,-0.858930097431011,0.189015539157926,0.768670137375857,1.34665659684938,2.14159072177705,6.32622836180213,1.37524817978946
"z_b[141]",-0.594923889600354,0.241074805992513,0.781037761243691,-1.95155224381109,-0.956956160213593,-0.703742791279811,-0.302540540553972,1.40930828579512,10.4964009296172,1.2423050808755
"z_b[142]",0.945418991377674,0.189357967091922,0.615890241112491,0.0218252318790277,0.55004155285423,0.811228160403888,1.31462222152682,2.48781858210592,10.5788748759979,1.15134556758381
"z_b[143]",0.582835922368919,1.78110736812042,1.88324739808518,-2.68915417459855,-1.05613557927807,1.54037849745785,2.32412599245533,2.48345252658612,1.11798133169429,3.29205685279876
"z_b[144]",-0.487756611964521,0.296548432989502,0.803097951773061,-1.74206027818295,-0.92137366727671,-0.806321380759428,-0.0383687782036564,1.38070932056956,7.33408213877873,1.19055299647368
"z_b[145]",-0.367350381146003,0.519438984195859,0.811264748393428,-1.39361124894428,-1.00008616308555,-0.575471888556757,0.135309156139908,1.46779481653427,2.43924896363651,1.38291230749132
"z_b[146]",-1.06157648470698,0.25396065398208,0.665456726839488,-2.34064600504685,-1.45252445014325,-1.01091373886819,-0.746057509515619,0.564685551388498,6.8660468981573,1.41570270866565
"z_b[147]",-0.323466370744455,0.420208016637063,0.573317079247318,-1.32578657337057,-0.79913836186068,-0.347475795118731,0.136278619823067,0.77667226292329,1.86149164950466,1.55153975452754
"z_b[148]",-0.474442552412819,0.422441028918388,0.620431260980759,-1.13821688393036,-0.914205914514128,-0.793975631312525,-0.0667209200845648,1.00693693387783,2.15702491015683,1.47008477880762
"z_b[149]",-1.75610620847869,0.667350915087722,0.894349413134246,-2.92979164894969,-2.4231680919454,-2.14800895608406,-1.04987280668814,0.261297163970336,1.79599834466796,1.59957278066854
"z_b[150]",-0.843811181415888,0.798451066937967,1.09429890348716,-2.13422362600061,-1.61961782597621,-1.27026269780719,-0.107819067424717,1.67297478053036,1.87834480037724,1.49167485491426
"z_b[151]",-0.641031151142136,0.65865977560362,0.889330689834431,-1.42918004604694,-1.32208663640847,-1.09061812482935,-0.0300735419848362,1.57697534991494,1.82307390817853,1.69562735549835
"z_b[152]",0.84385168167941,0.113934499208409,0.390308767007689,0.148841372898564,0.520723102332919,0.859685052253006,1.18121023671395,1.52038142044257,11.7356221261928,1.13818510334105
"z_b[153]",0.589613225417228,0.247382370284295,0.782472629366573,-1.02672468302824,0.357798268190077,0.559507126814502,0.740696517101096,2.77734548011784,10.0046250573771,1.03629078553048
"z_b[154]",0.322097336451221,0.314372329234993,0.93166189220387,-1.34934042086451,-0.242464952616404,0.223656482895488,0.598683421235182,2.60328164439919,8.782699792542,1.1391962456915
"z_b[155]",-0.204819584419502,0.764762153632918,1.05484339175714,-2.37387764663094,-1.17669344956833,0.425391219671472,0.513242038033685,1.05726651114901,1.90249357139563,2.34770529462279
"z_b[156]",-0.393716171834956,0.543112460482981,0.667982785187112,-1.87798607166219,-0.872342325450761,-0.124745926944099,0.0914483864812564,0.51194113760362,1.51269373047292,1.98372637234098
"z_b[157]",-0.212724199731445,0.117322617518393,0.396605039277529,-1.14875306591826,-0.381647574387809,-0.192254366906585,0.0329034260355471,0.630042451271453,11.4275457511962,1.04930482803657
"z_b[158]",-0.758083684568498,0.762973798308911,0.939226774215099,-1.69763452187294,-1.46707998640583,-1.34240748885701,-0.0354488210304469,1.28053570855583,1.51538045310161,1.94307269660919
"z_b[159]",1.91234551149156,0.164157907357432,0.359409533095052,1.42438787029393,1.6635034321172,1.81498595232075,2.03496153386509,2.85559647465708,4.7935313298051,1.97089318938643
"z_b[160]",-0.0723753995088731,0.469191430379499,0.569693471733867,-1.22717552862427,-0.459036989063248,0.241010424648985,0.389800169787832,0.550038510048847,1.47428804219305,1.86071816984811
"z_b[161]",-0.657188708546256,0.53898439177993,0.65130659710697,-1.77399913042211,-1.06092271772031,-0.813615963313438,-0.187668649136128,0.700699356182255,1.46022095567087,1.83308310485665
"z_b[162]",-0.439161608268417,0.740847622317269,0.924142411891154,-1.58243461936701,-1.14510850812111,-0.885713684871382,0.339912005933178,1.50741483180248,1.5560373633058,1.73780603000635
"z_b[163]",0.0549892033567928,0.374704406863951,0.627652808680176,-0.891648076179439,-0.50318581105198,0.0465371343893334,0.470378847524772,1.26453572271863,2.80582998148592,2.03480225682688
"z_b[164]",0.0353678663114296,0.292306178228483,0.681765329630893,-1.05098132964185,-0.516236086784273,-0.0840518692965044,0.591686862754352,1.29317328121942,5.43993655094443,1.48493995849142
"z_b[165]",0.252362869509037,0.383101990038597,0.912284423032646,-1.71247542328088,-0.308837167358698,0.272085110647217,0.833723703600896,1.96194655936735,5.67063511734803,1.4277505703679
"z_b[166]",0.648961956801054,0.196103653323414,0.518331038304014,-0.229896686826197,0.323926817713022,0.546527791872854,0.892160605663471,1.7623364366092,6.98623294653358,1.52537124493967
"z_b[167]",-0.244836298005059,0.185873750412032,0.758734349702805,-1.52082471704476,-0.840792345005814,-0.278376312230329,0.318500946161223,1.2423162146284,16.6626230017742,1.2135770868901
"z_b[168]",0.409731725565123,0.165410341705437,0.678426346580601,-1.05141909655874,0.0294678117888141,0.365316423197236,0.855368877943895,1.71539747970767,16.8220954565001,1.19017939727578
"z_b[169]",-0.735548996623548,0.714620949716724,1.20147935281713,-3.16804255790436,-1.6325435722076,-0.511902931772937,0.222775144346445,1.04175264246176,2.82670922580208,1.62574566705609
"z_b[170]",-0.664480561462385,0.17908357484329,0.562316519483272,-1.85514284044836,-1.01842367032742,-0.550316924334523,-0.319909428907824,0.406074400354354,9.85939290953872,1.04470375247401
"z_b[171]",1.0310036941783,1.20436529936839,1.22784383453151,-0.657232671151793,-0.19012092221588,1.31531951167968,2.23678866191648,2.52810042906401,1.03936909619815,5.26365090809472
"z_b[172]",-0.385927193490815,0.579067600498751,0.951601906744454,-1.93230900771553,-1.22984539592639,-0.43066582705225,0.27182137614497,1.55480168182685,2.70054907924915,1.51073142943372
"z_b[173]",-0.0410077729239763,0.205901478346795,0.76958032352566,-1.66690817941752,-0.49693899233387,0.0166229775563315,0.427003717793547,1.39095523752402,13.9697611516902,1.00183263986767
"z_b[174]",0.359508611778014,0.195750831380211,0.640043957591421,-0.782736006881323,-0.0773652079773883,0.269251222773697,0.723284266684055,1.76221172651253,10.6908533782395,1.23616859110841
"z_b[175]",-1.07901125948154,0.238520447076779,0.708589691167251,-2.01886767413185,-1.43464608377803,-1.29364866435351,-0.962180623923143,1.0415528743005,8.82548193078589,1.10042959933596
"z_b[176]",0.626940363468618,0.567090572447192,0.907703627384168,-2.18094007674828,0.254235302153208,1.02588338216162,1.19761706627549,1.54988689147856,2.56202455067563,1.34127263413347
"z_b[177]",-0.071988493153652,0.665459557512563,0.939805381733236,-1.15890330512234,-0.781349996859,-0.407268689641685,0.535349487718515,2.18864305330403,1.99449302336043,1.58102026495763
"z_b[178]",-1.12922063831646,0.347598486560656,0.53401227921466,-1.76492032416262,-1.49146760166033,-1.37368736215265,-0.813976551213523,0.27629667489993,2.36018873461058,1.37038056357237
"z_b[179]",0.534346705978341,0.138282301000387,0.66307474558211,-0.880918557244092,0.141838060074858,0.521605959386713,1.01510832190863,1.80188698467959,22.992795653278,1.17459149498063
"z_b[180]",0.428382163932848,0.699613016357401,0.854669199567168,-0.848248050833136,-0.252111411536393,0.221757293090593,1.2180124719064,1.98336033546482,1.49238317596646,1.96600692381137
"z_b[181]",0.406031592394219,0.700969602080191,0.899860301179577,-1.29916875726047,-0.317446137318207,0.634783489939319,1.23095927715839,1.62718912067346,1.64797953914693,1.72247939383607
"z_b[182]",0.799299474503068,0.893961700591786,0.978656199635347,-1.08147447725397,-0.027946017185127,1.31516745291165,1.6221857656787,2.03401860874716,1.19845705758666,2.5122914734912
"z_b[183]",0.504987635439932,0.173822495590544,0.61419103310638,-0.675889796695345,0.11695332017267,0.53229273457952,0.859103003499777,1.94095599754815,12.4851849915016,1.11667533015887
"z_b[184]",-0.549381694000257,0.528719996915985,0.718720549210352,-1.49876155091396,-1.10953712659631,-0.735288141580197,-0.1692496223946,1.06385923439101,1.84785824284922,2.40088664169836
"z_b[185]",-0.475915624077926,0.15168480594549,0.644672327578223,-1.56006363768055,-0.977629702521386,-0.512930753093274,-0.00204733429249427,0.768665038847688,18.0631669789197,1.03756554855833
"z_b[186]",0.0314484569995959,0.258681730535497,0.721842694488369,-1.26938010782333,-0.480907034889549,0.0640668916481495,0.393265247744414,1.56279037589678,7.78670309921283,1.23259959653988
"z_b[187]",0.230599374290281,0.863266070834024,0.94865171427349,-1.61005126964574,-0.500217914617843,0.401724350047524,1.05873109782164,1.48572030762328,1.20760317886658,3.37835820167238
"z_b[188]",0.31118002951585,0.33450899911942,0.741757594842319,-1.11988672875558,-0.101562267452797,0.267134415614027,0.711572671118449,1.68938478151138,4.91709265275475,1.27738402740004
"z_b[189]",-0.184048220101429,0.529850794338068,0.647968605895737,-1.46330859320067,-0.739717297362428,0.182997271803211,0.322674649236582,0.553615158089032,1.49554935574768,2.25584259715481
"z_b[190]",0.114531715773479,1.29667891440523,1.44597604544549,-2.41041340127132,-1.41826051782856,1.05845159315231,1.36377935684345,1.61112561404803,1.24353295545574,3.1192070258042
"z_b[191]",0.183868126065017,0.386541176822809,0.776586517554194,-1.87530436504628,-0.146217415897538,0.411907068991871,0.725335535359801,1.23327816661004,4.03634392206253,1.26136808766475
"z_b[192]",0.0879611421592726,0.20203032861587,0.686131923819457,-1.22699252514161,-0.236737395357867,0.00430230610347956,0.377388945549018,1.58319871948433,11.53405749993,1.09669592112488
"z_b[193]",0.998930806883439,0.404558687726828,0.854397171216193,-0.60799293024421,0.302469432043904,1.11262578464243,1.64221102827161,2.37499209213303,4.46022266017742,1.45143673810467
"z_b[194]",0.213190813605941,0.27148758021963,0.860350804017026,-1.68812861217021,-0.362166219528471,0.165304804930478,0.896322156379025,1.62561507157918,10.0427165350241,1.37600310239308
"z_b[195]",1.31964083906102,0.616422066021831,0.701200317206357,-0.0667171614243183,0.69219243424613,1.64917959585956,1.88965092961971,2.21153342715593,1.29398086540225,2.30619393878163
"z_b[196]",-0.789173594070876,0.824979082924242,1.13115934055715,-1.67423203741867,-1.57930129584202,-1.4979852300033,-0.297309696882054,2.0852986221074,1.88001665858745,1.98902281645683
"z_b[197]",-0.467444921571533,0.0958193602593062,0.478294133080523,-1.82543268672527,-0.556311539074954,-0.361430269398825,-0.218513269040702,0.34396461323406,24.9163012748652,1.07992619034587
"z_b[198]",-0.333057715562806,0.278500472992068,0.817776789229431,-1.58808644043438,-0.939540484266701,-0.486554763279228,0.227559511187882,1.58698589609567,8.62219192232373,1.45719050649794
"z_b[199]",-0.0819789137669677,0.113666230987684,0.603902068811396,-1.41570647131978,-0.428443803604065,-0.0647661156358114,0.294198194848899,1.15869521802671,28.2273504718871,1.0152523915135
"z_b[200]",0.448014294249955,0.0873010950246013,0.438827643953504,-0.552010390887561,0.249762520572475,0.517155841701314,0.725869104785956,1.16378993944638,25.2667029195616,1.18328038438107
"z_b[201]",-0.170349966998413,0.91162090281735,1.18792475801069,-2.41299528115096,-0.963596786241217,-0.11014090706618,0.627443504476322,2.06850189136513,1.69804547998704,1.72903107113266
"z_b[202]",0.735189746458862,1.0103560022358,1.22702002044977,-2.4062182847062,0.0189827408807011,0.971106117959143,1.7028618632505,2.4868876146514,1.4748723916944,1.99257164929289
"z_b[203]",0.124905512694409,0.365802666348757,0.835740174166981,-1.88532590745629,-0.351144305802576,0.342357261853076,0.7334690235525,1.32250656449439,5.21973944874141,1.48832570375191
"z_b[204]",0.926280549115137,0.0304979553799617,0.142113533566231,0.548509179739738,0.880799728499337,0.96670803731565,0.99894990228717,1.1387297707459,21.7134796846689,1.08156723996498
"z_b[205]",-0.544709526028251,0.58392691784649,0.911043959912756,-2.52191225628005,-1.06512226493978,-0.574819697379997,-0.102767291856115,1.32595814028876,2.43423036007874,1.63262370609744
"z_b[206]",0.533336064655305,0.392907852188502,0.810662570193408,-0.976223866876299,0.0283828077825136,0.402313058767736,1.2452617260752,1.97579665443853,4.25695271515306,1.84010547282295
"z_b[207]",0.580527249758441,0.412157090109142,0.534355283535546,-0.826565523370553,0.283371315954768,0.800568761033008,0.946425287295788,1.20398861255597,1.68087208795628,1.65072242833323
"z_b[208]",0.455654574688143,0.208301161854093,0.752703014505063,-1.21954464717346,0.0299448210544796,0.604990289602244,0.93530459774848,1.76373671299902,13.05761700218,1.16766457642674
"z_b[209]",-0.394329041259022,0.199659433109045,0.627445109239757,-1.33436779211576,-0.86416970106223,-0.52509747572339,0.0167905497487692,1.01112839542845,9.87578915953574,1.24181467688085
"z_b[210]",-0.675242958033725,0.43910116103392,0.695295863489025,-1.79025278215264,-1.12863044506246,-0.804709748567659,-0.255357406365162,0.81928733038802,2.50732205268984,1.32019652267182
"z_b[211]",-0.731628489321,0.206733626477139,0.501145379497787,-1.968363881639,-0.914387598622108,-0.652991933329901,-0.401953064492811,-0.0275514623177984,5.87631698932385,1.27697290890255
"z_b[212]",0.572222688253061,0.153793168809678,0.714282136207113,-0.806536617188016,0.27246103558918,0.595446727959394,0.882903853474678,2.57514998408284,21.5707619872802,1.14639017768839
"z_b[213]",0.0543909907324699,0.326846316823591,0.67890111378,-1.59344237173823,-0.318597491130211,0.30743239279793,0.511394067048794,1.0519442011131,4.31445408619015,1.26927045362569
"z_b[214]",0.375937678097115,0.948883211857294,1.08279793342859,-1.79004522477603,-0.484774974395317,0.437758032998084,1.19080632120948,2.13805090232208,1.30217487214671,2.36784645981112
"z_b[215]",-0.219084905915568,0.216152599800241,0.795391634708113,-1.72340930314168,-0.500680318816048,-0.346006780383733,-0.0419100827121023,1.68167943909357,13.540699848887,1.0148113627046
"z_b[216]",0.131791717456991,0.640075195038656,0.833047487663176,-1.75515880828563,-0.487934257675192,0.698402765409446,0.745523648197902,0.945050113117129,1.69386004318585,1.65778833694405
"z_b[217]",-0.616479059812897,0.961975816428761,1.20532158626504,-2.97783844131387,-1.61924158416598,-0.295020676274416,0.268839803730638,1.44221607757077,1.56992013834699,1.86835623934973
"z_b[218]",0.155419470162719,0.257251299543745,0.964040775873114,-2.0573173659766,-0.418790475590388,0.140548681712228,0.799284021347944,1.96944517797554,14.0435095024481,1.06576662854539
"z_b[219]",0.355678711971964,0.149013294394991,0.637958272172618,-1.02776516421472,-0.0477957051414887,0.505909718448417,0.786381801420936,1.47327992640936,18.3288203216996,1.11054546901494
"z_b[220]",-0.0291803519072921,0.209450509395465,0.670793015084056,-1.45826050648355,-0.391022878205367,-0.0911213484832166,0.221179759142248,1.63870791368129,10.2568551304427,1.12639042388526
"z_b[221]",0.190630736444213,0.693336108578821,0.803335657699055,-0.708637433763742,-0.508843903514611,-0.153014483400186,0.792999777477923,1.72206475509632,1.34247575664538,2.22960460752318
"z_b[222]",-0.260612911252603,1.2611537946307,1.39651827161581,-1.6311477770562,-1.47214894895455,-1.36963377486328,1.04135291319272,2.36493884829227,1.22618822860267,2.82048899573711
"z_b[223]",-0.192566266999927,0.480728453799928,0.891513314425024,-2.01661985660696,-0.748361740800806,-0.44943312232465,0.412422350033754,1.72563230723244,3.43918874264355,1.84014105729264
"z_b[224]",-0.912023425472211,0.842871772623754,1.19936669786132,-2.27418720159876,-1.8586799617294,-1.35430285628876,-0.110348690908861,1.88229318961511,2.02479449871257,1.71012820933991
"z_b[225]",0.396747001596579,0.157728684034893,0.752212352674343,-1.21218566443119,0.0114135734502501,0.370153648010169,0.806695890155176,2.01523900911098,22.7436185169006,1.09142592811714
"z_b[226]",-0.135647767831783,0.225361895994037,0.688228623393245,-1.52912199977639,-0.493488112384457,-0.118723153126797,0.260322987748822,1.31762019007758,9.32619488321014,1.33784210556651
"z_b[227]",-0.388415432275309,0.241517545707918,0.893283338006182,-2.43441251863548,-0.80310501138649,-0.396345931995089,0.139334463023532,1.54113227702281,13.679842373564,1.22955412717628
"z_b[228]",0.226084310043088,0.602533130324869,0.764401629164758,-1.44945058199908,-0.396511446011864,0.595645635640814,0.83877372757032,1.02710428534586,1.60946428829559,1.69042843759404
"z_b[229]",-0.0501545190661219,0.270391331809967,0.795664639571451,-1.66955090013449,-0.746195510891533,0.195360655368551,0.568418557328992,1.13069215044965,8.65913650201219,1.18806017488398
"z_b[230]",0.899693759891672,1.1688770238555,1.24625515691752,-0.491001307358819,-0.240721958821051,0.326472733851812,2.13885481767559,3.19684692952352,1.1367796562479,3.91378771037681
"z_b[231]",0.234490011523187,0.774314338194247,1.07615088890156,-1.60821785773074,-0.616803721899877,0.0447649271886464,1.05590164371895,2.14986051247578,1.93157570781086,2.15871033762865
"z_b[232]",-0.161623037342188,0.767429201637767,1.16267464054052,-2.31733956752457,-0.998458385399704,-0.184855087327174,0.658141134795642,2.18926528807211,2.29530159686389,1.39252537881628
"z_b[233]",-0.730857576160846,0.840255342436956,1.05101780032173,-2.0874530438834,-1.58554825671289,-1.22074370138464,0.23923906038041,1.31031546832994,1.56457929240484,1.70455034102336
"z_b[234]",0.223517820332329,0.537160239598887,0.817008106585855,-1.52204437063317,-0.362696894648111,0.530216435745233,0.832312349274768,1.35413483189923,2.31336954425479,1.51773688417914
"z_b[235]",0.440046855244013,0.149623102706766,0.747730313512666,-1.28383626945941,0.139459168752124,0.550306638791165,0.829576402929375,1.92993920358249,24.9742619391224,1.15677846528337
"z_b[236]",0.487068898964827,0.207270668194832,0.709560769758757,-1.45533284137128,0.339735250680824,0.680983694243499,0.837991720065945,1.774830567319,11.7193492634781,1.10727859271035
"z_b[237]",0.657326733080603,0.205084705094261,0.868978868928677,-1.21406098098988,0.13785985633664,0.635883478429654,1.1726478826552,2.45702457263005,17.9536141147436,1.08095016146873
"z_b[238]",-0.785843406098214,0.254644612303263,0.753330395744399,-1.99422119295585,-1.36701506879764,-0.875304715478377,-0.288339552536759,0.912521254150997,8.75189297159836,1.28265649834783
"z_b[239]",-0.0361014665170252,0.297086967453197,1.04005828281761,-1.70419759368403,-0.769821373013405,-0.0818084702208492,0.535889984888245,2.54082410920523,12.2559830766749,1.3128036158702
"z_b[240]",1.34969411825945,1.38674200002516,1.49174013740376,-1.40993116607429,-0.0498912379690017,2.4080258170195,2.67715746696755,2.90889685924876,1.15716426121826,3.40224190550941
"z_b[241]",0.0178285102355133,0.16234773439514,0.746461518424583,-1.41269790144413,-0.32575089519301,-0.125914965675136,0.406693312937996,1.68175914858911,21.1408470000559,1.06325610955649
"z_b[242]",-0.429037251846938,0.664435402720099,1.02292864207414,-2.35958078146961,-1.2010933329368,-0.428109432659734,0.409894478651816,1.25808181179039,2.37020084601876,1.59611834688106
"z_b[243]",0.679855370847298,0.582158347755218,0.640796982128783,-0.548795905075331,0.107396930642483,1.13742904079277,1.24156756832529,1.32007133410983,1.21159830428035,2.45817489852957
"z_b[244]",-0.137890613011744,0.228050084608473,0.871374609731125,-2.20235677031556,-0.232890506676349,-0.171790597012855,0.0429544649569265,1.61738089290725,14.5998813727424,1.00547567451588
"z_b[245]",0.629554262255459,0.987195753425689,1.12276219549791,-1.71124583289984,-0.20025523277839,1.33814661307212,1.66071486629714,1.77015557084172,1.29350766076912,2.27429776022739
"z_b[246]",0.7797064548161,0.686117735738933,1.00092934750097,-1.79481150452088,0.0859882432015568,1.39240966817318,1.5047612248726,1.79807455521189,2.12818586647064,1.54486421327948
"z_b[247]",0.0572940357096608,0.289914060156084,0.692497969794108,-1.43169308801092,-0.388610553581454,0.291828824927261,0.361450064002087,1.47738909189212,5.70556231162493,1.74551070185454
"z_b[248]",-0.748583366537871,0.62607648969738,0.746525425446667,-1.46189950450036,-1.35512314598867,-1.24243993891323,-0.125939028185102,0.880006807370403,1.42178659826722,1.92445912243779
"z_b[249]",-0.720889581725866,0.479833925163504,0.510051041841879,-1.28253362423746,-1.18355210645302,-1.00522515315872,-0.22632289380454,0.127756492812874,1.1299139686914,3.36358034174402
"z_b[250]",-0.165710056609159,0.153737883743904,0.46485701505334,-1.30715141880619,-0.337740916381153,-0.0180714966164972,0.115048215730299,0.493978755383866,9.14275287787802,1.19115538119925
"z_b[251]",0.639685928923472,0.158085318770376,0.606469417313799,-0.904855185124424,0.416105430686506,0.682915784030573,1.03586898278637,1.64625035178631,14.71752330598,1.23088498488419
"z_b[252]",-0.188342584509902,0.458191046738755,0.648518156023035,-1.54932485412899,-0.617426126461953,-0.0146628511125946,0.31392156469755,0.675899521809995,2.00332347944426,1.52809073482309
"z_b[253]",-0.112584202225007,0.835377791732151,0.889397550608551,-1.4245410365944,-0.999094545520231,0.0245908462116735,0.706813833519037,1.16851612611621,1.13351169980173,4.07048493077559
"z_b[254]",0.885233916250069,0.687874138230831,0.869176641187891,-1.00913977725858,0.339558737386618,1.31725177400444,1.57261464737568,1.87637236845879,1.59660736802378,1.81255310314551
"z_b[255]",-0.0417873498177846,1.15012324791506,1.21243797729784,-2.21470638154081,-1.12164258337824,0.59717572337327,1.05754456794848,1.27025272062392,1.11129740053828,3.95968307036005
"z_b[256]",0.94587166255297,0.436990213787647,0.486526950815223,0.19661861190856,0.494842527430841,0.878231199490092,1.38260873084125,1.79720108420532,1.2395680762953,2.26444001511835
"z_b[257]",0.425426439702347,0.683101410007688,1.0102691739028,-2.32398688284678,-0.127554641411589,0.7338364619193,1.1287905111651,1.67672182081577,2.18727726981562,1.40254071927005
"z_b[258]",0.22333055487441,0.615410418458997,0.862265151134831,-1.97481318530069,-0.22221376013086,0.701676174014275,0.781312713934913,1.06229038063659,1.9631431994949,1.5350076012838
"z_b[259]",-0.0764460724408653,0.192950700224494,0.637924070903069,-1.59115967295169,-0.416185872513011,-0.0131687824003709,0.391849796798352,0.987867378554584,10.9306317071348,1.14852899463846
"z_b[260]",0.204202002326068,0.492610911422447,1.14846420208918,-2.94767795990356,-0.166679940060758,0.656129582852094,0.790713928116714,1.96731706541117,5.43534193711841,1.76181161291519
"z_b[261]",0.642833481790532,0.793113825313873,0.910139222947334,-1.17520120493854,-0.139461998825478,1.0400331998279,1.34627859855278,1.98292853816053,1.3168752063275,1.98679625269304
"z_b[262]",-0.673451353820578,0.245307062867901,0.380755219687835,-1.24420073859533,-0.992014756417037,-0.689999983872972,-0.434755299755291,0.120708146239656,2.40919318643218,1.43655576264072
"z_b[263]",-0.473200424256131,0.380585695596019,0.712595935786317,-1.76690672734048,-0.907114180525608,-0.492616881736556,-0.0784784672227541,0.956721187352305,3.50575659540037,1.5166012073371
"z_b[264]",-0.423016618260375,0.299847446064705,0.777560034759571,-1.83342976983859,-1.05492109348282,-0.425199160778586,0.312613081033146,0.782029476567948,6.72461078509546,1.60368969992613
"z_b[265]",0.362180274353052,0.458649209885855,0.579139057289472,-0.805738215813372,-0.141737122567954,0.546555252098677,0.74718433621446,1.13526756485867,1.5944261565067,1.98831391092729
"z_b[266]",0.32243719973314,0.176465796130475,0.650848395807749,-1.27811105850534,0.00942703569703762,0.503612525515793,0.690511430061799,1.43025722700163,13.6031221515214,1.1301898539267
"z_b[267]",-0.913463875898861,0.26039148876232,0.729665775777905,-2.34409831855532,-1.20648403519908,-0.918446871054785,-0.697331586728842,0.718026592881969,7.85225480370339,1.48157947330455
"z_b[268]",-0.208153595117744,0.607331930683285,0.825719711170228,-1.1934704854432,-0.803845787840134,-0.600278686013743,0.386246472962315,1.60733017314545,1.84847284162007,1.56038538312299
"z_b[269]",0.20300552460208,0.303030684879422,0.574539820980291,-1.19801527987356,-0.121780485609692,0.401080213331822,0.558922211921279,0.995958073288622,3.59473644468905,1.25580004819896
"z_b[270]",-0.185442019749835,0.515404841238551,0.837420029530589,-1.20247866149633,-0.803347196226311,-0.382096999588962,0.250298164637931,2.28682315203456,2.6399135260598,1.36964683998523
"z_b[271]",-0.523692846038669,0.983350662390498,1.01560679475639,-1.76298326878761,-1.54735291857762,-0.751205758010334,0.52065761352783,0.915289614548356,1.06668052562655,4.38278489538084
"z_b[272]",-0.770122087383177,0.379468166467446,0.884994479964693,-2.62808999982695,-1.31436775500565,-0.522029061174058,-0.207209595505983,0.744043991738635,5.43914236169364,1.36688673073679
"z_b[273]",0.637163158490869,0.984027436843281,1.05276305761626,-1.36230449764412,-0.347124589060085,1.18710014890425,1.60739440835622,1.78350200257396,1.14458185863304,2.62935123704324
"z_b[274]",-1.09486525752202,0.398605688534965,1.02454207927,-3.1063158310841,-1.97190009752398,-0.984735844021312,-0.322059945878486,0.621339022985998,6.60651789594376,1.66038020166466
"z_b[275]",-0.119424900598525,0.405706292659758,1.08405611768898,-2.10057424934508,-0.812601339597459,-0.26116395456738,0.467826875992101,2.13549049334244,7.13970128085141,1.3350319504304
"z_b[276]",0.221422001243174,0.247200076567125,0.3926047936506,-0.272262449043261,-0.0995385618829367,0.121840008379054,0.482532348276652,1.03579990988535,2.52240021104483,1.66891236582777
"z_b[277]",0.228211843170787,0.193917942562576,0.506151685455419,-0.631889816240021,-0.246429556021764,0.309158154582537,0.631302935690593,1.08788331804509,6.81279600812486,1.5908724671304
"z_b[278]",0.171387462279534,0.270612947241178,0.992930961693644,-1.58169921335713,-0.417124113289497,0.207568363597005,0.644370182630689,2.44659513934449,13.4629726603533,1.17736690278339
"z_b[279]",0.876219863800287,0.405538996221293,0.897564272683057,-1.46618665782894,0.650548529347673,1.04425060822653,1.45411150698347,2.14721250185175,4.89853111285167,1.81459280934267
"z_b[280]",-0.0800809511061979,0.515450941991165,1.21470079258161,-2.69813392621507,-0.901357815308774,0.255828360291136,0.789723477848315,1.80893452363983,5.55346391716415,1.8481442152008
"z_b[281]",0.552591796717882,1.39494979285267,1.57768798798961,-1.0680022338282,-0.754476713700502,-0.619736755092517,2.08827612739573,3.55139167170775,1.27916063072658,2.11035529461798
"z_b[282]",0.895136000825515,0.242627655985044,0.655783617315066,-0.121578981566845,0.412221645613641,0.739014962025025,1.37831345658704,2.39820094216156,7.30534147251638,1.33503651265007
"z_b[283]",-0.126852908598415,0.0751564666001527,0.512747623487678,-1.48129461648988,-0.302536635345549,-0.0246916030712704,0.133292019785569,0.869115529114846,46.5451682220654,1.0521609334047
"z_b[284]",0.377908293227598,0.253521197597747,0.846270363909657,-1.25953556881378,-0.225526516600778,0.271658983342528,1.05025289652253,1.8747188059978,11.1426813004588,1.14660468497092
"z_b[285]",-0.575165627616117,0.698270573123637,0.825192869439398,-1.8690105348466,-1.18615537006353,-0.880952461207234,0.096947557156495,1.0427833835558,1.39657239286629,2.12697410986209
"z_b[286]",-0.452646053423604,0.162704388308148,0.711539331916417,-1.90472835417413,-0.877558961254559,-0.47988674449691,-0.0522317699019749,1.35953406605961,19.1249051701972,1.12565905020205
"z_b[287]",-0.239976663988116,1.29827001236245,1.35486725375561,-2.61377664496512,-1.44596798298692,-0.0859233447420069,1.12515289767137,1.61200487193311,1.08908917391079,3.63187033676903
"z_b[288]",0.374860959844936,0.159693287901882,0.562768267786947,-0.771602842761077,0.136101799546449,0.308817843280502,0.513042892917135,1.69153266080863,12.4189785647253,1.1295879197945
"z_b[289]",-0.188336072992117,0.852536314189774,0.86302392555789,-1.28493494431192,-1.05999630339777,-0.244742904141694,0.662143763414134,0.897484778045267,1.02475464963544,7.63490012460222
"z_b[290]",-0.13895475623347,0.609857644170733,0.894504561476835,-1.22843121416134,-0.757786572413783,-0.430171990036963,0.353456299179945,2.01485929503787,2.15133565765918,1.5909991114138
"z_b[291]",1.08474693246316,1.31827687328335,1.37034417751591,-1.16881539576222,-0.202715715248724,1.79770423866244,2.39464549423544,2.46355584745881,1.0805529446631,5.84801865036063
"z_b[292]",-0.224134308731478,0.177330107158508,0.593010701979521,-1.36160214416563,-0.51726442733328,-0.38577206386031,0.0291868142461581,1.19259615904896,11.183045944376,1.26977095402564
"z_b[293]",0.681433189131191,0.0983909279886063,0.369115568175952,0.0210442890458937,0.363675966384548,0.735417041866376,0.961522350755803,1.40413801950729,14.0739049037733,1.13743673904885
"z_b[294]",-0.248679156986832,0.770719138613831,0.808199927809387,-1.61626512702758,-1.0513807939211,0.2454394970768,0.507234618101243,0.553867937167114,1.09962682930094,3.66262207413725
"z_b[295]",0.337716399771017,0.129523831975616,0.630880721875296,-1.04800468556796,-0.00279866010692967,0.40114536318583,0.675594410424097,1.62343213503807,23.7243948877563,1.04068146616505
"z_b[296]",0.653165471308096,0.570247484160832,0.725837640456911,-1.21161823113735,0.159040504683328,0.925484997164379,1.24221199704984,1.45387664667048,1.62013877553677,1.75549102273267
"z_b[297]",-0.532375103891393,0.236852531202804,0.659756144953593,-2.07928151625999,-0.634596898097989,-0.53616714401884,-0.456076038563204,1.01093500321076,7.75909067516471,1.48524702442895
"z_b[298]",0.703809333655578,0.11067391329471,0.33976711037708,0.01431905834377,0.482170371469152,0.643909566462989,0.884061942318716,1.46270125351013,9.42479994861804,1.33634650640438
"z_b[299]",-0.60585225157573,0.662928686306085,0.811797382868258,-1.46923076056765,-1.26637864619635,-1.00443785239297,0.053621730489544,1.15805978516149,1.49955247941583,1.76383071647138
"z_b[300]",-0.0400849440783886,1.25582510263769,1.46455996103979,-2.01066086198403,-1.32879868017788,-0.442557742757689,1.08339262493395,2.82325204760125,1.36005350543003,2.86859081551287
"z_b[301]",0.260815323551937,0.284561834604692,0.643189980867046,-1.35376170613589,0.137361390660624,0.51958618942491,0.605651578284067,1.21814541735256,5.10887453243531,1.31859402298608
"z_b[302]",-0.760373564484548,0.825863713289644,0.949697939054624,-1.75369978708088,-1.589313595423,-1.35314761144413,0.037882426130106,1.26684024146718,1.32237375721249,2.2447295188679
"z_b[303]",-0.233525626593464,0.730336480707921,0.978935738985497,-1.40539076448275,-0.992126681932609,-0.639316598003117,0.563393996900112,1.91571986089978,1.79664543876091,1.55413415655649
"z_b[304]",0.288890387442866,1.25132558916787,1.31196759243347,-1.74520370532644,-1.1172978699677,0.882991902014558,1.53059369735092,1.74271787128075,1.09927300543774,4.91117596580219
"z_b[305]",0.558505207786266,0.0867596885577891,0.471418313424937,-0.607208577048531,0.461274487096328,0.55987521257751,0.78433642680991,1.59374360302199,29.5241178926898,1.07039331174383
"z_b[306]",0.350264164019984,0.587377976442413,0.827094366431384,-1.17413883377792,-0.195337951619567,0.248188886453945,0.978478570260958,1.79651705260425,1.98278127091228,1.94615117880656
"z_b[307]",-0.490528890590699,1.26377836878859,1.39648943036075,-2.47635860391904,-1.92640071096089,-0.684595580810404,0.74181460435867,1.96570199735966,1.22105006433123,2.87855954791747
"z_b[308]",0.390208159167348,0.318702277592237,0.881243847553371,-1.51343815872855,-0.0813718955303906,0.304237066627142,0.91849722015388,2.13925673318679,7.64578112964029,1.23068031885975
"z_b[309]",0.0223241548770146,0.389102576289695,0.740700369395829,-1.87146019403181,-0.375123087278315,0.219612043382822,0.530874450314115,1.02238947942297,3.62373899820208,1.25310970052021
"z_b[310]",0.341869544525115,0.7481222836322,0.971800504005674,-0.646110388019209,-0.37731822004421,-0.162652032266431,1.01105118150183,2.60246401679521,1.6873650840844,1.90533859249364
"z_b[311]",0.0778740720393138,0.165775158864258,0.753767390641267,-1.51884331948893,-0.121831190239212,-0.0208674036061101,0.211756375697097,2.02555848974255,20.6745366335469,1.19577847447454
"z_b[312]",0.282015464550601,0.21591709963599,0.683384195221462,-1.67644800653709,0.0906534822386566,0.476153923064943,0.65717724512374,1.3615869450004,10.0174177552281,1.13495087975538
"z_b[313]",0.0812930947657385,0.235647172021358,0.803647999443189,-1.68557791632825,-0.178328268138801,0.0285220152336833,0.38173818736716,1.87593780029861,11.6307379671186,1.03528140133307
"z_b[314]",-0.783102919306682,1.17757206600319,1.29509263801837,-2.93950154816086,-1.81124466123222,-0.945444848516633,0.279436638188283,1.4512833297068,1.20955794761925,3.17930191789215
"z_b[315]",-0.48453401949504,0.0937168108594073,0.643211880294724,-1.82338849869894,-0.648682668002643,-0.565206882967166,-0.3501341514154,1.09042279284628,47.1056620540708,1.02711329859196
"z_b[316]",-0.590162348513308,0.887700203220429,0.904116183952751,-1.92390616034892,-1.48932616683894,-0.314685648864491,0.294302340502111,0.35983668392355,1.03732739643877,5.94418361543069
"z_b[317]",-0.272562288602597,0.206191851360422,0.670053244949549,-1.66135426732722,-0.748996979199323,-0.251657988127278,0.264917734378802,0.877333313579934,10.5602848597579,1.2983557013148
"z_b[318]",0.947936200791765,1.43787678303212,1.4859603735552,-1.30550926061479,-0.5253855210205,1.38812519522846,2.38106464567478,2.63870494696878,1.06799965797028,4.38463751936262
"z_b[319]",-0.373553648174153,0.475979830401455,0.705243089373788,-1.12647915581755,-0.909190111286248,-0.741605615190334,0.181085507903849,1.17882724118613,2.19533387396355,1.63832314106302
"z_b[320]",0.00835663182478009,0.156839757637673,0.581260761268964,-1.04522321091745,-0.438578312664384,0.0230438579909053,0.417218287483913,1.12846441211063,13.7350323824611,1.13929582229421
"z_b[321]",-1.13064728364472,0.704387628272922,1.08469427947007,-2.61025045233731,-1.90309368253534,-1.60991790486883,-0.32201263719587,1.23996383013662,2.37132598598686,2.25389929716643
"z_b[322]",0.376247939658378,0.197193637751549,0.678194649639706,-0.926620921838921,0.00112053782357635,0.365705686566256,0.656073242912609,1.99053231171452,11.8283160692168,1.24379723407866
"z_b[323]",-0.208615039976997,0.834248793444436,1.096584168261,-2.1535320541893,-1.05015857642229,-0.233919496882868,0.574976532208788,1.88860956511463,1.72779721107712,1.87025872669269
"z_b[324]",-0.607533972048845,0.497208064411932,0.884919649308879,-2.44109917923744,-1.14838062022788,-0.558969230793883,0.0538620796421327,0.924982057038271,3.16760740147808,1.39972627834357
"z_b[325]",0.0129362933579895,0.48617701172854,0.818808510525339,-1.8323001823601,-0.455651080128752,0.0912795657584202,0.555573492081395,1.66170184934605,2.83645472692439,1.4804782695775
"z_b[326]",0.312449064230065,0.126076038399074,0.473820561656482,-0.463744502922787,0.0153727108655472,0.245531424833809,0.495495251290189,1.64249804755664,14.1241622798855,1.11179975859806
"z_b[327]",-0.212174592006377,0.594224828280871,0.966709415099652,-2.07328324017844,-0.763191938936524,-0.28714770931208,0.327207810188113,1.76794718393509,2.6466121935905,1.63267627187721
"z_b[328]",-0.250874292124467,0.271130509141029,0.625136317091472,-1.37276424504567,-0.807416121356638,-0.153506959630283,0.248231452686555,0.759426821496638,5.31609435317652,2.13365407227782
"z_b[329]",1.52045598013674,0.726631118146825,0.874309480718971,-0.0738193544943485,0.834381948896319,1.48262935686665,2.05544499216931,3.44431771552713,1.44777939081518,1.85787904589118
"z_b[330]",-0.192799151442128,0.8142747186126,1.06280235238153,-2.10919086611105,-1.01893853619593,-0.015186868525115,0.617921043910587,1.60439653924183,1.70358227077133,2.37175835740442
"z_b[331]",-1.31294887672282,0.814525919876397,0.967956409238035,-2.50204387589853,-2.07038915511104,-1.76875520008338,-0.519513580566771,0.79136655951529,1.41221812667845,1.90245042521668
"z_b[332]",-0.269681998194309,0.959070161200594,1.06342496562826,-1.50840749525384,-1.13550095748301,-0.952273937849254,0.657807495796967,1.87029111889625,1.22945587067431,2.54954219524038
"z_b[333]",-0.564185824281358,0.542325031113956,0.698937510016771,-1.98349438762585,-1.10961796077613,-0.483435734786981,-0.063073793933985,0.507113921051133,1.66095320598288,2.27845074757325
"z_b[334]",-0.0416319829831814,0.172927830574287,0.811372991525267,-1.82633513256787,-0.563121174525683,-0.0354652587722357,0.471868063395579,1.52606701323259,22.0146258010282,1.20617777648673
"z_b[335]",0.640985959132632,0.315329217771897,1.00518358746077,-1.80685066733792,0.0462374842792035,0.684724086258861,1.33137253376012,2.38419155821091,10.1616059756742,1.23220432333191
"z_b[336]",-0.771332540089803,0.436508080614124,0.769614697963985,-1.97275137658117,-1.32046008701682,-0.926648211707916,-0.149291534842408,0.725341892285283,3.10858058949342,1.35242218219717
"z_b[337]",0.0418858980309793,0.246573915167488,0.974931278833784,-1.67749820622452,-0.76591098875295,0.0855066715095958,0.731398626376318,1.98678197109968,15.6334110202052,1.1076414023814
"z_b[338]",0.262128050068532,0.221028835848194,0.612387001058407,-0.681825005379968,-0.188071100534417,0.196008748858073,0.602947365307906,1.71429227663451,7.6763373875876,1.23758969837376
"z_b[339]",0.308584191954317,0.23191324529317,0.648277410750561,-0.890389470875944,-0.153286945787698,0.18683256875395,0.789914434339133,1.74395571997684,7.81395077829312,1.60749816495534
"z_b[340]",-1.40680079736876,0.753690474397801,1.02824862214331,-2.68714842066518,-2.18286157885169,-1.77387248189039,-0.703481520500567,0.890567317560587,1.86127360930051,1.92935133564734
"z_b[341]",0.475731775083451,0.268712487447164,0.686620336050746,-1.00922060083189,0.155481086659832,0.366106155135198,0.661160347409703,2.20327761948007,6.52916472690267,1.55714703265452
"z_b[342]",-0.90578891602138,0.983238407520318,1.05197894666787,-2.10117425127855,-1.90287984152204,-1.30695451290648,-0.0265743829380247,0.981239574490952,1.14471250516545,3.27041518167415
"z_b[343]",-0.412073553471976,0.494482906386778,1.0552284213419,-2.62862767126688,-1.2490407168185,-0.226997018580771,0.436281750195204,1.18763375370959,4.55397239170817,1.57818610315244
"z_b[344]",-0.0439095758515241,1.10829290415164,1.13127393081866,-1.63137369149914,-1.16215477333847,0.0629115847422953,1.01145993043239,1.46145364369542,1.04190099623997,6.19880292592955
"z_b[345]",1.00841780302962,0.678510290103914,0.940242871422843,-1.40843639731868,0.427400058031634,1.48694061156434,1.65122314947543,1.92569083719974,1.92029177617307,1.49575304138639
"z_b[346]",0.239696092491139,0.219589220756091,0.613863573716311,-0.720716898715802,-0.244043368779098,0.230108079225476,0.618521073584787,1.50407642222223,7.81486880689904,1.44695426860438
"z_b[347]",0.104474935988527,0.181195569227905,0.700888666164758,-1.22444685347438,-0.391098676919867,0.0586997961416212,0.590683933989694,1.51914836474362,14.9624574049808,1.12852435892644
"z_b[348]",-1.07125339854788,0.154476702815835,0.585186697817044,-2.39416283484976,-1.4756123994787,-1.06084825197855,-0.659682122300106,0.115815071768098,14.350363709667,1.18937313028466
"z_b[349]",-0.403788731297545,0.438867651170639,0.678920562445044,-2.29611219019868,-0.667497351771472,-0.109027317132481,0.0467299789842957,0.240279793786717,2.393154758497,1.40994760648123
"z_b[350]",-0.0517468983812045,0.457435051836,0.888044854994881,-1.6969601430675,-0.706863721052466,-0.0545620667207023,0.703013308458259,1.50413733937582,3.76886797814503,1.39174985838105
"z_b[351]",-0.0530784408361683,0.831288644620292,0.990377423530733,-1.04238026630505,-0.894181528928967,-0.590214184650799,0.770506702089,1.98137145561171,1.41937701202018,1.84354554813822
"z_b[352]",-0.278595346045021,0.38228074107028,0.608319218458885,-1.39779711530549,-0.800035617626089,-0.273115508731188,0.263564034974366,0.768984521957447,2.53220134988694,1.41690443962847
"z_b[353]",0.397773280728698,0.376084326221644,0.752051791761558,-1.26671418960332,0.030693732059512,0.565648768974202,0.944305629616216,1.46632212572912,3.9987571765633,1.65817625990928
"z_b[354]",0.927998102215895,0.776211755493218,0.910858323797756,-0.767567266272333,0.00243014612285902,1.23666550414711,1.67290684117146,2.14468386256174,1.3770231181186,3.15308197503904
"z_b[355]",-0.846052353326937,0.969274915587188,1.10087571805747,-2.71314275027748,-1.91816070924398,-0.690695455466513,0.174708729961911,0.807073852738869,1.28997899363169,2.37201459712643
"z_b[356]",-0.293686828597266,0.523240069304663,0.716532252285956,-1.44062625275468,-0.8445925783105,-0.492304122297835,0.314173884562951,1.09598612436957,1.87529457787171,1.47732106381479
"z_b[357]",-0.128452100680827,0.437505875856917,0.692848489747283,-0.954464650872191,-0.653546094013227,-0.334477763646994,0.321988036855489,1.58005740320632,2.50789164746491,1.65081823196079
"z_b[358]",0.191368153487081,0.126134198520169,0.595729142736892,-1.28532834698546,-0.150806610411074,0.262753275355516,0.619078843661573,1.11818416947576,22.3065285334016,1.06883657305525
"z_b[359]",0.235955571038749,0.704630861981281,1.07344834315899,-1.12810727509246,-0.652799237245445,-0.0392703654516324,1.05871190963177,2.62631217120195,2.32080674689834,1.50168054448711
"z_b[360]",0.584068240220355,0.58217407249095,0.804945043862832,-1.25812863299805,0.0714530519330184,0.731644430525984,1.23473439116139,1.71334008340155,1.91173081945025,1.51323776986401
"z_b[361]",-0.273256908666242,0.306167400989673,0.790497827783189,-2.01568723909546,-0.712201389638527,-0.26245898512808,0.114688026810279,1.38699589604887,6.66627870294534,1.20829843573479
"z_b[362]",0.38664881892559,0.605267919104736,0.772353038066496,-0.530145527953351,-0.177768023814854,-0.0588388922899999,1.07008869203804,1.90128401834187,1.62830743904735,1.67820272449073
"z_b[363]",-0.391634023885483,0.097410817873965,0.426147511592429,-1.47960460882685,-0.599756362723641,-0.35728059569301,-0.127654991669962,0.44033245120006,19.1383958945847,1.02881750030805
"z_b[364]",0.227850784465975,1.31593339454212,1.41243235662073,-2.08492817813806,-1.04860872852156,0.242107356422373,1.73309000038376,2.1287317343251,1.15203984390984,3.25267358759142
"z_b[365]",-0.0951546014703297,0.32178895732055,0.927957306182639,-1.89118878951963,-0.710049188408292,-0.0305428108496702,0.506958191056807,1.9136431061033,8.31598539447621,1.40781661562698
"z_b[366]",0.0904837594014386,0.700336664530751,1.14090524047403,-2.91238428101018,-0.356758127887318,0.370023279173246,0.963674769185867,1.2826995422357,2.65390530783739,1.79593919266123
"z_b[367]",-0.0170479196459548,0.606015173828813,0.785984308522388,-1.67661785155188,-0.722862686383397,0.395281416549212,0.550454446360951,0.941997897112079,1.6821346416346,2.31011051626395
"z_b[368]",0.339580073932573,0.648781694924786,0.8294592819395,-1.42721612534048,-0.243133617409737,0.569703249033251,1.03847668320257,1.3358878267656,1.63453026696241,2.18005054895339
"z_b[369]",-0.516215665714105,0.235857897444964,0.680713342707182,-1.9660733757592,-0.975054156948701,-0.48408981341303,-0.00345980217899536,0.67419591872838,8.3296677965666,1.14985938094604
"z_b[370]",-0.324702253293486,0.226772280617184,0.881451419496254,-2.16406793881304,-0.881818930017453,-0.258310927581911,0.270555117167409,1.31929587545431,15.1083427086986,1.16820536938682
"z_b[371]",0.243284729550983,0.196442562012548,0.5551605297533,-0.607106065961856,-0.281202943739161,0.260635033560073,0.694097284813723,1.31547148236218,7.98667447975211,1.33230357652681
"z_b[372]",-0.955452581668234,0.745354487853449,1.28344235154952,-2.21267223942108,-1.83547739371007,-1.31193244106354,-0.535680880820772,2.69264462818618,2.96501565646474,1.45463069180122
"z_b[373]",0.317911439473438,0.802399747707417,0.909655712245073,-1.40352980949672,-0.415804999880723,0.450930244159721,1.10238200448902,1.6836017574227,1.28520538082421,2.84075161941029
"z_b[374]",-0.619059395778187,0.827967211713286,0.887508853651661,-1.70013610048772,-1.43581666918871,-0.832777639123598,0.183339836188146,0.999382637561035,1.14899757237455,2.75572783440398
"z_b[375]",0.121731595821989,0.719388844190762,1.0462754916526,-1.64131903677401,-0.578495556586202,-0.112206362202412,0.853364999747316,2.08167658187154,2.11526462843373,2.10894537732257
"z_b[376]",-1.2530048691346,0.323737204430195,0.646523730428257,-2.72488836361293,-1.68040252040638,-1.05917333783022,-0.878889203300144,-0.068622433993308,3.98826232531062,1.77929554373071
"z_b[377]",0.607930610423151,0.658095062099029,0.844273548381366,-0.887525519637285,-0.0271638215700471,0.382568846334146,1.1412813888972,2.43335729691947,1.64584563958918,1.94997483379311
"z_b[378]",-0.39248911576717,0.145849910358667,0.591402773386454,-1.53456577476735,-0.779044136337235,-0.441746869514494,-0.019995541270372,0.917228327485155,16.4419900318554,1.14733289909527
"z_b[379]",-0.0213283430148407,0.77619122258958,0.999570568957326,-1.17541974931067,-0.774532991345886,-0.525731154419331,0.771482138312195,2.17594078376828,1.65840067645614,1.67553860027167
"z_b[380]",-0.122029616508836,0.279411471419602,0.752360088009689,-1.46338839504667,-0.573630026686668,-0.199861002071226,0.344709551519684,1.49548039789577,7.2504177864969,1.21435518049171
"z_b[381]",0.228198094488752,0.174751121330254,0.786609469364279,-1.29551409574518,-0.377352860381937,0.30255414111557,0.811957185832845,1.64919192550963,20.2618174440758,1.02146675771406
"z_b[382]",-0.37603058992709,0.225134734774752,0.58756213811005,-1.48271160175092,-0.728974038873968,-0.483944700019332,-0.108370896062389,1.08594126571235,6.81118372359008,1.30528790467942
"z_b[383]",0.95951036357298,0.663702945413768,0.792802320817621,-0.497225476822581,0.350026256041209,0.912284708052795,1.73986081497644,2.2124289621514,1.42686319470627,2.29073147460633
"z_b[384]",0.480435276874558,0.0857471828980253,0.548409639999202,-0.691103623288973,0.128717325159647,0.491036406663211,0.822884269252048,1.56370896253908,40.9044388243963,1.00903144069603
"z_b[385]",0.430016800188115,0.35547417987743,0.627364605315381,-1.02280057150671,0.0733617379281731,0.504336119204046,0.8927351223372,1.46591380410226,3.11475508976805,1.35935617696479
"z_b[386]",0.249814385684273,0.257002994194098,0.758093704136,-0.939734830497954,-0.387140525790214,0.154184807417723,0.944520440472328,1.65719073044865,8.70100490830897,1.29934066576619
"z_b[387]",0.20838933437182,0.20843165772864,0.57147571876797,-1.01815377377701,-0.0465090302337273,0.247635593674243,0.524719020224115,1.39517910183372,7.51740935028812,1.45328816201054
"z_b[388]",-1.54025383072215,0.468844921368717,0.774955495176316,-2.4964393574182,-2.10742574600587,-1.73911241384379,-1.16513009105192,0.357906719914308,2.73209057039827,1.58370803760056
"z_b[389]",-0.19904767369883,0.293628186217737,0.518476108320087,-1.16759472066091,-0.559822195001772,-0.259836055166826,0.159440779927904,0.898660615692936,3.11789878261233,1.36490162623891
"z_b[390]",0.673292170218875,0.226690474018776,0.852859703878597,-1.08274914676289,0.162974692669892,0.706746115397177,1.24826863210294,2.24028430606576,14.154308247766,1.08369485846952
"z_b[391]",-0.39564537444689,0.225012467533875,0.830484393433423,-2.24407392471346,-0.880243734925438,-0.415497346838745,0.0913608216117398,1.46502875382788,13.6222794926435,1.03510558676048
"z_b[392]",0.244789461182644,0.0890440541746237,0.665620533271855,-1.07167797681129,-0.107624746596067,0.18507775372614,0.55281017638543,1.94053127627679,55.8783496770398,1.07736278282242
"z_b[393]",1.43614360813953,0.262298095849883,0.731862412915816,0.233690482659222,0.838689177503391,1.40268775074459,1.99106325329228,2.89203040496234,7.78517914649142,1.26367416525113
"z_b[394]",0.801703857007516,0.960220557953522,1.12040461178874,-1.28623314248586,-0.200628973797746,1.20979251596789,1.83756359188289,2.14778891550683,1.36146905908762,2.01638187141415
"z_b[395]",-1.00958559424714,0.282180154930515,0.782188853650516,-2.19910463518971,-1.56846477403511,-1.21548195940803,-0.467944005257307,0.787149001047148,7.68369841712485,1.21429374310683
"z_b[396]",-0.363408068818471,0.745699335116114,0.886421225344787,-1.89149533393861,-1.21890785112011,-0.290081161193366,0.481398118591859,0.936895125500968,1.41303455248337,2.32989856231165
"z_b[397]",-0.0844841026007986,0.419423118155147,1.06633028860133,-1.71315727488035,-0.906248248627279,-0.2019190908978,0.52315372536562,2.32823250832865,6.46366383444022,1.59845265586042
"z_b[398]",-0.0227275819046545,0.306612770106942,0.442674201388432,-1.02888746721612,-0.317840006287246,0.153923989103331,0.298099415637848,0.555205011157478,2.08443303436589,1.47220480863216
"z_b[399]",0.118726814677277,0.544966767511706,0.866394347629247,-1.90642950562461,-0.387553573182357,0.379986618359427,0.60976067138467,1.52369185806644,2.52750010097008,1.47756362448188
"z_b[400]",0.354361692210232,0.182905031658503,0.521768474734223,-0.977313795419105,0.0938019896613361,0.436423515935463,0.753304530570991,1.07026212652151,8.13775039927717,1.42313550386043
"z_b[401]",-0.95664907508997,0.263501860359906,0.316021407847953,-1.42629727413813,-1.23245762620423,-0.98308931181392,-0.753643710571415,-0.340425194803254,1.43835350341577,2.19753348988687
"z_b[402]",-0.524359652292914,0.484096466624519,0.860286440760605,-1.58771586026399,-1.05231170635429,-0.974467262954746,-0.00281049083366169,1.70950856997415,3.15807420416095,1.30134604470978
"z_b[403]",0.110330366248874,0.171488422375218,0.79631633377606,-1.42324015235105,-0.437366272289099,0.124727968953995,0.571844457995235,1.8924814987346,21.5626253834869,1.08971530583698
"z_b[404]",-0.338665262687327,0.20191816553353,0.601084340199666,-2.01671940613724,-0.646650786445111,-0.121088402827655,-0.0359253929997235,0.533404948731421,8.86176121158258,1.35021694643446
"z_b[405]",-1.190552357999,1.09056085492819,1.22536742904297,-2.41129184744586,-2.24241452367447,-2.0293590144858,-0.0818793876287125,1.18054362816133,1.26250426801933,2.20226227559005
"z_b[406]",0.801039627972873,0.166734560130832,0.675670695250471,-0.810577213021402,0.383226666282126,0.801733893158304,1.10155682498536,2.26857234310467,16.4217301203156,1.50614906993905
"z_b[407]",-0.541412803791631,0.924278018467661,1.00581978207031,-2.39140247440684,-1.42479918302471,0.0898731106566064,0.376593005363902,0.526987125969396,1.18422737620315,2.53749362241091
"z_b[408]",0.383720408328718,0.179503942889703,0.56402920030352,-0.770272042841195,0.00995687940954088,0.36572091989603,0.753746249722238,1.54426430730421,9.87313764607157,1.41779531249951
"z_b[409]",0.650190605097702,0.60509394428571,0.809135376289935,-1.1436464220942,0.0313240284642393,1.14863977167407,1.26617766602927,1.41726640336521,1.78812043196417,2.09825570278021
"z_b[410]",-0.283275000694629,0.389519272262722,0.745792840458473,-1.90666767613562,-0.749189303801348,-0.337814303613325,0.200890872074862,1.18944873284835,3.66588232032165,1.4288171808888
"z_b[411]",0.227359056002427,0.147507314159531,0.701238498936301,-0.925820673419223,-0.277115063927232,0.180304245491542,0.611062236178858,1.72254357117075,22.599789400022,1.08785538737841
"z_b[412]",1.02140659623117,0.509766727413821,0.778801402056344,-0.872275266053175,0.552130029557781,1.11235961463679,1.67998548051243,1.9658889607069,2.3340517359683,1.41074334200847
"z_b[413]",1.14369069873688,0.88650868157994,1.04211869360636,-1.0509183055392,0.339207678008492,1.75731475880663,2.00201840076812,2.28126744145849,1.38187381258225,3.21042120375746
"z_b[414]",-0.598362635779869,0.901305255144018,1.08473212840051,-1.70393385938135,-1.47177983491735,-1.2894807339599,0.153486745481918,2.04356741035974,1.44844230432448,1.98643502531647
"z_b[415]",-0.119087266022618,0.199642773302581,0.754468879698932,-2.33262193300553,-0.265905458531834,0.0866178802098335,0.315089896248228,1.00266464546406,14.2815542232916,1.08876412406027
"z_b[416]",-0.247498653577632,0.475143415890437,0.764882177516296,-1.91994337050474,-0.791227730210268,-0.0657701308834824,0.276626992419502,0.98235549810428,2.59143101347025,1.35489968266485
"z_b[417]",0.0728154465568321,0.539475434957454,0.737292931144732,-0.611640132861273,-0.493360012971974,-0.26836918860098,0.493369952933451,2.14473724962847,1.86782761724309,1.5227311684461
"z_b[418]",1.12047396148821,0.550847678784625,0.661674722860532,0.43226994301033,0.583543299570722,0.768545673015036,1.60409324572046,2.54749083762397,1.44286613677069,1.81716824390302
"z_b[419]",0.287475911631127,0.263526379972359,0.616278786638631,-0.960985775714425,-0.0625996863578488,0.117161672713837,0.691636153676047,1.57072386490579,5.46897886743438,1.22174496151947
"z_b[420]",-0.261742187478123,0.186906503573047,0.87963589958684,-2.12185927561119,-0.736781362117707,-0.262701329824895,0.12462744144322,2.18369444508694,22.149149997176,1.00991995709505
"z_b[421]",-0.4356250479605,0.636553031628299,0.7943907681998,-1.56662946745079,-1.16752891360562,-0.437562665107201,0.120901509246432,1.21411830085037,1.55739650331776,1.88720842616429
"z_b[422]",-0.842918288743998,0.645402606796336,0.808653376681635,-1.84230073148944,-1.4304139089267,-1.23887246125657,-0.243798687599036,0.900625737383708,1.56986887257531,1.84232053148605
"z_b[423]",-0.739208093326435,0.515701891368875,0.71936689118466,-1.45144754576251,-1.22263388463698,-1.16406818593849,-0.290112975036161,1.05660835871779,1.94582349364811,1.42651516209939
"z_b[424]",0.339576073670356,0.531760325964461,0.974689816482584,-1.80048858100404,-0.381094779624982,0.678449062359008,1.05375085366345,1.40748419567757,3.35970382050839,2.2122747186808
"z_b[425]",0.458298589742335,0.708673510674045,0.788370990865552,-0.848243190060934,-0.428297085407136,0.691629624541977,1.13427263100476,1.54024372930953,1.23756743112327,2.29994281292043
"z_b[426]",0.127761167817224,0.232752625215859,1.00783038870355,-1.9887763405673,-0.549636260052145,0.267347246089584,0.849087492378402,1.84364304323646,18.7493286822705,1.11636446177723
"z_b[427]",0.891895877651413,0.808432843314076,0.961000494339124,-1.22891574729222,0.137941624576541,1.37944861216557,1.68665134464023,1.86961225777086,1.41305584077847,1.80611866959149
"z_b[428]",-0.117048068159772,0.558093163769765,0.705875384942539,-1.65478008178494,-0.701560261931925,0.113881487019347,0.41693870729392,0.917320210494989,1.59971519368747,1.80074707212454
"z_b[429]",0.262161281476841,0.671075035044242,0.840246587143303,-1.70013927317857,-0.349494621282285,0.663204385001166,0.911878019857644,1.15517977117265,1.56773028799329,2.13111904615329
"z_b[430]",-0.960037989620852,0.936526594754026,1.12078012529819,-2.26858130107887,-1.90061455837211,-1.47894430883073,-0.00813640333083034,1.35806732138589,1.432189920089,1.93358869016209
"z_b[431]",-0.028682950731456,0.289045133298528,0.689316085116029,-1.34450831607082,-0.470136580852157,-0.0353753613050669,0.462741210231303,1.24932343605268,5.6872916867808,1.39857550480876
"z_b[432]",-0.553643690436946,0.160263521010982,0.666519798882929,-1.83337177232168,-1.01245051615108,-0.549723489168957,-0.137547057157692,0.848014720904978,17.2964409759624,1.22816462749632
"z_b[433]",-0.595410021833643,0.880041709300731,0.969984756325501,-1.92099938509587,-1.54103959708568,-0.795252259517496,0.25322190054566,1.23558346432273,1.2148518144367,2.90071084774296
"z_b[434]",0.174458289700521,0.696289495930363,0.887623798559021,-1.1037319062374,-0.541784322248033,-0.0897442674873902,0.830067716352612,2.01986237775467,1.62509288369528,1.75893285379896
"z_b[435]",-0.0135336639690945,0.368361407392162,0.620232691548936,-0.726458384381873,-0.505328373019821,-0.24966264457442,0.330099130621866,1.3814527458456,2.83505220102339,1.86823765647703
"z_b[436]",0.189391832425198,0.311346866215625,0.823742876161656,-1.26520211251206,-0.406974338731031,0.218176853919386,0.721030032546839,2.09784097482957,6.99994045930211,1.18896925658894
"z_b[437]",0.639967883184381,0.263805976559451,0.755369737398272,-0.831562161518212,0.0764299105240031,0.679573791622878,1.24812214469562,1.81232134597749,8.19879263851023,1.53741676314634
"z_b[438]",0.470097520402998,0.484159338484654,0.963217737712698,-1.06971380698936,-0.334886312936001,0.533698514089638,1.24409492974412,2.15500277414986,3.95796835125176,1.32030884120937
"z_b[439]",-0.137026430738615,0.367992941470336,1.03251783164994,-2.28261975847286,-0.824364270886018,-0.171157059155722,0.560272183450384,1.72765528888883,7.87256299371135,1.54459139950266
"z_b[440]",0.390178208415036,0.412837622055005,0.520385086425702,-0.72660293824706,0.0257358437377556,0.481662554161,0.694729729370721,1.26156148083803,1.58888018066794,1.77389646008397
"z_b[441]",-1.22874456267959,0.143046775716553,0.489365920260009,-2.01688734549047,-1.61308480021622,-1.30519937123735,-0.888619485398351,-0.205446248177345,11.7033797344116,1.26931843389557
"z_b[442]",0.535829642736327,0.138548521459087,0.619431214907236,-1.00680686594175,0.294084056002374,0.588354963599043,0.936770724459195,1.63051579492726,19.9886002567959,1.15567466126899
"z_b[443]",0.115849610735352,0.247759212326144,0.77078144483963,-1.70174872403433,-0.257658954883544,0.190080822202443,0.702929238655871,1.24520034663378,9.67838466915203,1.19755478652444
"z_b[444]",0.21972055536365,0.256645677153938,0.441525882872838,-0.29173370025119,-0.0491336795052742,0.0408969946950731,0.40933923912438,1.56947616838792,2.95967775344954,1.43717638614143
"z_b[445]",0.285916083962959,0.211121351850873,0.680018744492898,-0.617023073927829,-0.221811616576018,0.0938106786957859,0.659844053187721,1.99406011355818,10.3747454992565,1.14449611997231
"z_b[446]",-0.880531624818096,0.616100896898862,0.999404224822456,-2.76093064102951,-1.56640614250384,-0.974711687268744,-0.119945542350221,0.975560018960928,2.63135037488195,1.50861893548995
"z_b[447]",0.451524223835052,0.127646832474651,0.622234304633789,-0.932502934879421,0.225043484920637,0.566926205424326,0.70046482317939,1.76536902751995,23.7622640022876,1.07891406115069
"z_b[448]",-0.642449069088174,0.873594537660767,1.00162085442628,-1.67997421981075,-1.52874807483019,-1.10509460798245,0.219156543940158,1.4559020792449,1.31457962523692,2.04390140790529
"z_b[449]",-0.773561309880129,0.291468811911484,0.617875491052357,-1.7058865812467,-1.22817863165633,-0.949733435761209,-0.297370450188466,0.562604106953932,4.49384155468846,1.35692771468687
"z_b[450]",0.468140957106032,0.706577311797595,1.26657238190032,-2.25378249419881,-0.481687434772245,0.890434759266948,1.41337078874976,2.23141302593457,3.21322140539251,2.05628875119474
"z_b[451]",0.128959785667603,0.261207091334848,0.742600590496929,-1.10724555613574,-0.398484587315614,0.0960387829306343,0.628287852210221,1.71205021306394,8.0824058477276,1.23888775884547
"z_b[452]",0.122679852516357,0.10033808736781,0.576169155963701,-1.07224037308457,-0.196390284423392,0.129365582016414,0.447150530589477,1.41938914654494,32.9737525441935,1.11813151176144
"z_b[453]",-0.743815624006099,1.18578395672017,1.26279557613296,-2.05537680033211,-1.88775119247175,-1.57468737848806,0.400974992698264,1.76424234180627,1.13410943428749,2.82698388464735
"z_b[454]",0.48313912338218,0.478420358256455,0.76682636284545,-0.415117959261378,-0.0858856289923884,0.206355301362736,0.974958631981024,2.40307922876996,2.56906307097122,1.40469093908012
"z_b[455]",-0.362019070201306,0.289910835929391,0.700922161083498,-1.30630811762638,-0.845555685715617,-0.493629763804156,-0.0458564234718615,1.32032535703814,5.84535223255164,1.37030607674637
"z_b[456]",0.334267742436412,0.700130506914058,1.00699966696996,-2.03343718102237,-0.276135471940783,0.784403965282756,1.05910855166947,1.37991930125453,2.06871493836613,1.69765100192967
"z_b[457]",-0.668299693743526,0.237835335882232,0.800042975246825,-2.29869542927055,-1.18816039837706,-0.642236510440628,-0.1350631227365,0.926961665562949,11.3155032471787,1.21463681303222
"z_b[458]",-0.0110833720651194,0.708119002509185,0.905164777716331,-1.74104488416882,-0.73401763359982,0.116802229749931,0.70592219163281,1.42469850874314,1.63396516846704,1.80061520919484
"z_b[459]",0.531821186929184,0.578534475816796,0.795293385973712,-1.18093974220709,-0.0183002779643013,0.67100167218592,1.21404322678907,1.72464628382425,1.88971474853482,1.56329075369544
"z_b[460]",0.0969211871712681,0.136901319332031,0.744465122915558,-1.41271878109456,-0.443070228928988,0.124897432285896,0.645269753199678,1.4391658943045,29.5715062355387,1.10096630315273
"z_b[461]",0.402404896578302,0.330152407593062,0.639579373278577,-1.08392560882128,0.0669235156663519,0.538453877284107,0.863346938115864,1.2530192399359,3.75283923933042,1.29043499018002
"z_b[462]",0.168254365796635,0.264246460384011,0.560658834049501,-0.938041729418306,-0.169060671728838,0.161532185280239,0.507746663801037,1.29499000676456,4.50172521198624,1.53066237296246
"z_b[463]",0.0805235338541662,0.296658973717974,0.729180017451881,-1.15339637032356,-0.416320398934333,-0.0687251203769629,0.53314019329368,1.61861669498363,6.04163574034703,2.18029896042865
"z_b[464]",-0.279674251776911,0.318504298245836,0.574065154775917,-1.22952719742873,-0.720847820792004,-0.297660954459716,0.109136608286535,0.942408776077486,3.248566621393,1.4838560883679
"z_b[465]",-0.385602833560129,0.128736953969566,0.507795510590185,-1.13082325090044,-0.661811941720347,-0.494449101199763,-0.205405185010073,0.957002273424103,15.5586265152141,1.13497263805406
"z_b[466]",0.111385602824259,0.350994493228426,0.931631325300698,-1.93362755389934,-0.479857479490333,0.131055325907021,0.586039996516585,2.06880131801845,7.04510645785235,1.3078572650591
"z_b[467]",-1.04039039205911,0.338863719091519,0.78019559210259,-2.31604488643038,-1.53947075661141,-1.19510507547137,-0.579481039373283,0.804485253416905,5.30098821459804,1.71022089673947
"z_b[468]",0.676989904495702,0.443572711227332,0.944404626269315,-1.61098865511543,0.219447053473859,0.868466980330925,1.41283171921432,1.86011235057378,4.53300889275225,1.36594989392539
"z_b[469]",0.010263875070471,0.327646597415306,0.973338137228977,-1.43469360127639,-0.698308112302691,-0.168226284671377,0.513975265102737,2.14197269412475,8.82502930019903,1.17683012028497
"z_b[470]",0.00961989648510749,0.349169362897476,0.880007426871816,-1.57130301060461,-0.727674835890927,0.0213493514647621,0.704846188286905,1.67671488104775,6.35185263646341,1.39863988824312
"z_b[471]",-0.594702579800582,0.443244092705429,0.740624198641709,-1.41976268358756,-1.09229826543443,-0.91451334427912,-0.0784904122710299,1.1095233278973,2.79196444262275,1.49637833268857
"z_b[472]",-1.01317432351151,0.262877215532175,0.739534461697126,-2.44506280877373,-1.40010458650591,-1.05158079985331,-0.669951705353449,0.65211409130918,7.91427143684266,1.22729116123709
"z_b[473]",0.868927271764936,0.577826852932817,0.76750128895659,-0.942866067071006,0.359278706363086,1.30958524419627,1.40082045547756,1.63939056518486,1.7642608044348,1.55690444409817
"z_b[474]",0.892776792347082,1.03587268114607,1.36040601622358,-2.32507839224327,0.0631042420037766,1.45417538158819,1.94873065136499,2.39539360648718,1.7247427514902,1.93074979975267
"z_b[475]",0.303419976084619,0.189590379670226,0.792530553380004,-1.32180528189336,-0.246399440775874,0.401973457014436,0.881405118183745,1.52279828339392,17.4742858362131,1.27674654285127
"z_b[476]",0.406126021021339,1.41817095347254,1.47993490062284,-2.15270854520043,-0.875442441449693,1.02084254678635,1.8071853334519,1.91559135656754,1.08900043201232,3.49557022160461
"z_b[477]",-0.178116807134796,0.255051970663727,0.819946261173535,-1.965954881046,-0.581314008695823,-0.380822349874279,0.17014977856589,1.73190037750322,10.3350697712535,1.26292837273644
"z_b[478]",-0.958132171501561,0.479399690799089,0.729789929656705,-2.40119608369855,-1.49377726306662,-0.988847511911076,-0.443530735646912,0.534177810070174,2.31739589505461,1.64073453001806
"z_b[479]",-0.761358263317923,0.23453742165466,0.817337802907779,-2.20635900871656,-1.43856745033762,-0.70610787452294,-0.262495666175965,1.11680595668831,12.144478744352,1.05659783514817
"z_b[480]",-0.065925227882179,0.13487518510508,0.42039449348793,-1.02808389735196,-0.30369465182345,-0.0970978238114726,0.232547489364331,0.704066397250213,9.71515939020184,1.25778122136366
"z_b[481]",-0.427927209524507,0.230591402220492,0.871408145562456,-2.06040619816481,-1.08143981463182,-0.445263957049342,0.218465644532752,1.2765232163582,14.2809470839669,1.19112267145499
"z_b[482]",0.212908962134803,0.445562433121125,0.824896390473605,-1.80485402417064,-0.183721823959952,0.361452698763462,0.845807731123271,1.35284868176139,3.42753322043757,1.90577320487319
"z_b[483]",0.24703303240503,0.136640014281385,0.806465772747895,-1.29661308640969,-0.301037640651286,0.261114899059818,0.748574921197584,1.8816077717178,34.8350215014789,1.09590405639083
"z_b[484]",-1.34609043346917,0.15081852956001,0.445131441793493,-2.24793011721551,-1.58382961833367,-1.39120805118233,-1.14296389691844,-0.393163735678248,8.71098245359734,1.27648060961403
"z_b[485]",-0.405909476900868,0.353653509017546,0.977855498169318,-2.63427958323583,-0.965628174878758,-0.124403380229994,0.106403344891662,1.54276853347005,7.64528044396999,1.43188944258824
"z_b[486]",0.488963934854808,0.395912232987921,0.890894483663565,-1.22947086948242,-0.0838916022090773,0.360685058315468,1.15903317245331,1.99581053205577,5.06354527925255,1.89913549554082
"z_b[487]",-1.28397212039213,1.37167373706423,1.44091775170976,-2.90879215256895,-2.58993880436535,-2.06749389938636,0.171270205391926,1.17025180114619,1.10351117795736,3.48125716073515
"z_b[488]",-0.254963675941268,0.261265707559127,0.65157579924916,-1.62309147894161,-0.546877965353801,-0.308089805818767,0.10049278652309,1.06575478432943,6.21963745996702,1.79437734846179
"z_b[489]",0.49526034417561,0.331227696035155,0.669209520814931,-1.11922892961534,0.0445060406185577,0.785156405599574,0.879299179336193,1.6429227567302,4.08198058333889,1.27365261910459
"z_b[490]",-0.916610846732696,0.43506327721188,0.868966846457688,-2.47694488851156,-1.42046036452222,-0.99189982872488,-0.586035471582474,1.05289654255212,3.98934467517539,1.27758016821763
"z_b[491]",-0.184154523115212,0.220154234605431,0.825648040797863,-2.03133630182691,-0.625954308340684,-0.00301711187364469,0.160807354661115,1.72699653839531,14.0648732441452,1.0675453887535
"z_b[492]",0.302937855088824,0.691706621793882,0.929827670145462,-1.28251180675912,-0.410450699497341,0.116457470711251,1.09683765850187,2.02053422719422,1.8070121195022,1.9990507954512
"z_b[493]",0.255036284298448,0.261738155554866,0.51315045939499,-0.761956760587278,-0.0466668753311146,0.252259874729353,0.677268050640291,1.07935287101502,3.84375208567696,1.39996639784928
"z_b[494]",0.306764121122863,0.393530850460234,0.874867633998369,-2.1266504625749,-0.147126229158001,0.615158594731465,0.830407413269268,1.47343993400543,4.94227755805832,1.23204238951583
"z_b[495]",-0.379094350474038,0.749636179432894,0.891796340471609,-1.32927229456329,-1.0754245021774,-0.885995657623471,0.282354221272048,1.42799813101716,1.41524065072686,2.16846067054249
"z_b[496]",-0.107435019717527,0.143433308589921,0.548063119629172,-1.16661583491022,-0.411641802694969,-0.188237946827872,0.121873257692192,1.30775840107336,14.6002779602108,1.11345391700639
"z_b[497]",-0.490307639897044,1.04394133847176,1.1756547327087,-1.9572806309015,-1.46279991070596,-1.15705257101741,0.408468018164063,1.88062497686527,1.26825739220138,2.43793569459398
"z_b[498]",0.0872357563276674,0.128124276762932,0.530129643360896,-0.84344176592937,-0.180566683015881,0.0448782177111064,0.211097134939686,1.47761632703728,17.1199040013232,1.07229275322624
"z_b[499]",-0.427297580818552,1.09609004842302,1.20649723940695,-2.21828616602849,-1.53237750297494,-0.646101150713732,0.696742573385945,1.56509066414372,1.21160259712511,2.42035836438833
"z_b[500]",0.641492055903515,0.26496804593709,0.518922563342734,-0.38715890170221,0.304888371764748,0.564534640307992,1.05334316859447,1.58275499143421,3.83546570234941,1.5846252119097
"z_b[501]",0.486396356606922,0.235409804007053,0.559199930133647,-0.896728290428692,0.228545707717834,0.548553883897114,0.880531603936717,1.33818676825029,5.64267614893576,1.22280131412686
"z_b[502]",-0.0803218121285968,0.317169838025501,0.809769630019792,-1.27519214130086,-0.699462229969557,-0.30027030467295,0.451826723318607,1.6990282919276,6.51837300422423,1.27760902899412
"z_b[503]",-0.438553738141675,0.45081983244154,0.550039727490095,-1.52543624614973,-0.829641886574506,-0.236403442182927,0.00187016916709488,0.214350601472111,1.48861396869309,3.53638978086882
"z_b[504]",-0.608747002573648,0.522603795573149,0.950581970072623,-2.15591217593189,-1.32127947539653,-0.758405212807664,0.041454127901746,1.34903480183188,3.3085219946388,1.32985804195838
"z_b[505]",0.216638361387294,0.280894651109242,0.893498435282659,-2.15367633832923,-0.175159551574806,0.239638011413978,0.874110053646802,1.5633487941211,10.118139295193,1.2882844980947
"z_b[506]",-0.0421554891887805,0.10216611983186,0.704016611543394,-1.42146355700812,-0.450673768021045,-0.00936326246573969,0.43458763651155,1.17948458718114,47.4845158131686,1.01609244251196
"z_b[507]",-0.686822361997111,0.503220194095476,0.566952891254539,-1.3693655211367,-1.19216956604999,-0.89729835196469,-0.213275666133301,0.486701432921885,1.2693395937188,2.37255990600627
"z_b[508]",0.670832564795304,0.442494400508034,0.75846875784268,-0.976339338632467,0.0537402608750911,0.96404477309968,1.20689800567851,1.94257689127645,2.93805440943775,1.61573629216733
"z_b[509]",0.679897294057814,0.454880454742571,0.90648088622013,-0.908692496261338,0.104384981254046,0.374506631487854,1.32799678465475,2.73460497196415,3.97120904725886,1.45333559711657
"z_b[510]",-0.38760201316565,0.456176859401281,0.834283788967262,-1.42907182963843,-0.928474235277903,-0.681918799876818,-0.0081642651066409,1.60933903871623,3.34473032589975,1.27884085385899
"z_b[511]",-0.0750913900870887,0.264274447111859,0.78972075728562,-1.57969639939055,-0.420124582513668,-0.248155291232187,0.466646331665525,1.70002820287935,8.92969778144625,1.21619544806269
"z_b[512]",0.917748750214747,0.315842068018654,0.618577012279888,-0.769026821206131,0.6751184891149,1.18089134419545,1.29081274272361,1.715071543718,3.8357262441808,1.52808473055168
"z_b[513]",-0.776143690997942,0.306419034665362,0.586982398179395,-1.63802794994473,-1.25935628825754,-0.688893957197332,-0.423489796155773,0.472487097334171,3.66959957171376,1.97926454230792
"z_b[514]",0.62632898180577,0.782680698146177,1.06189199379598,-1.90732073404353,-0.0605163675729454,0.922570314324713,1.56805544532152,1.7858011435412,1.84073574284154,1.84040313601367
"z_b[515]",-0.468703866987772,0.378962035145446,0.768633031693056,-2.15838433222157,-0.934092275268687,-0.426680929489325,0.0710263119283521,0.842334665494309,4.11383321432344,1.26688932828835
"z_b[516]",-0.0401839816455859,0.436365568362116,0.673616705719571,-0.945586625678949,-0.50224110500577,-0.203806597895034,0.405186623704825,1.35800931961878,2.38300387300024,1.46793755846093
"z_b[517]",1.42011275194489,0.944082353620604,1.06207008853413,-0.749560276358162,0.61494071736386,2.11855788811247,2.33855917014507,2.50976010541999,1.26557123576948,3.04529654807021
"z_b[518]",0.587394326796463,0.472027975384599,0.795426485887509,-1.48262679255581,0.0328536083943181,0.90712287098946,1.15218013017264,1.45181255113436,2.83964872081807,1.40814799646351
"z_b[519]",-0.458894621208081,0.401208740180313,0.695857774861878,-1.29395018368006,-0.943302199690339,-0.679489728613228,-0.16072305290818,1.30517403827621,3.00815490997416,1.89792639785114
"z_b[520]",-1.20557920108147,0.925443188059587,1.05692021282012,-2.47221554372282,-2.07243428133959,-1.74785861277409,-0.428443956780452,1.11664438976348,1.30432218442093,2.14027189794998
"z_b[521]",-0.238753448084613,0.445571089173872,0.717391549181149,-1.01286372126658,-0.718593541945289,-0.605976814895751,0.325659990630216,1.37707321361169,2.5922596803867,1.39236136885241
"z_b[522]",0.662836737322158,0.189951003867326,0.436807165251607,-0.302467972303468,0.428500853958471,0.723624387740244,0.932608987804552,1.42819273827108,5.28805935774275,1.63339252894808
"z_b[523]",0.234639884363017,0.259756495538551,0.876733285735033,-1.63533061207888,-0.207900600736303,0.231445387317211,0.55194731093974,2.28876842181652,11.3920572121826,1.00824062516444
"z_b[524]",-0.775991288921972,0.310058499184427,0.701300946629318,-1.83773273352779,-1.14620003763455,-1.0535739994606,-0.377670020070402,1.12456473106969,5.1158943739202,1.59016221554563
"z_b[525]",0.0583569987179181,0.139093130267818,0.437815799974372,-0.652140929070982,-0.215042569308204,-0.0262083980116384,0.285290187063587,1.06908382288415,9.90766922491442,1.3218076812086
"z_b[526]",0.470889819298598,0.186109875358173,0.662972570464606,-0.723663634324459,0.0088900493007941,0.476550242123913,0.837656915005212,1.93865311585656,12.6897271573814,1.21524128162221
"z_b[527]",-0.132355139555362,0.364549468460313,0.818652297900649,-2.26154951272221,-0.452203290024579,-0.0131565137554993,0.469032201284406,1.19316275650494,5.04296590230116,1.47790481510107
"z_b[528]",-0.159798556539773,0.884505148495158,1.04234395133173,-1.42563381620652,-0.974236743456092,-0.556248357764195,0.76940599842182,1.97319734284043,1.38874136236514,1.89481238981626
"z_b[529]",-0.0771857379720271,0.300176942954936,0.801906918471308,-1.89296649409251,-0.507996031668763,-0.0269120794886412,0.542266943158359,1.2110672118043,7.13663129416706,1.37859094939264
"z_b[530]",-0.3038307662645,0.230603810749417,0.51487875243481,-1.68611056793406,-0.465514041552691,-0.125570667598669,0.00651578532999515,0.340623564581738,4.98513565374966,1.40283277335261
"z_b[531]",0.399247315786532,0.231653199647336,0.797106157760781,-1.10659662558361,-0.0783074762827003,0.357385622534978,0.838709042923552,2.22448980508054,11.8401095842687,1.27724093575937
"z_b[532]",0.176346267499838,1.01098072323913,1.09546486324522,-1.01254473768343,-0.822877940667787,-0.436876319760165,1.25631637470711,2.00199694477178,1.17411640150269,3.33096770301826
"z_b[533]",0.217384000601781,0.228878843469584,0.818936427454283,-1.66655582367767,-0.138803163382197,-0.0434760277167088,0.715711393866618,2.05005529366397,12.8023317961506,1.20796288225912
"z_b[534]",-0.975375917725891,0.36305152485599,0.765944747109752,-2.3015066446009,-1.52276026241404,-1.13063824388338,-0.227167038620007,0.104123419039594,4.45100778451646,1.68625779559736
"z_b[535]",0.806279401861462,0.31250747038365,0.382275206930009,0.219238568298453,0.526280371117327,0.720845913744931,1.02979547899129,1.66131007546358,1.49634403670895,2.4704932659187
"z_b[536]",-0.363892312067996,0.209691943974144,0.826753660394871,-2.10267360210393,-0.901289330010436,-0.459410933142481,0.197894023651782,1.34004912190892,15.5449296524029,1.12134582363651
"z_b[537]",-0.735364071555595,0.378868593869719,1.01907938135975,-2.4378946819796,-1.40755383266817,-0.854084922009556,-0.0713810777046915,1.60063034738675,7.23500469469363,1.49413063593002
"z_b[538]",-0.739081239112384,0.513255522829175,0.919675133368331,-1.79731521516835,-1.40961755039988,-0.975915398822953,-0.468399333130182,1.66285423415372,3.21071402745531,1.35474418167761
"z_b[539]",0.0621591105512521,0.142150083110508,0.674739184878249,-1.53908765253078,-0.315498491583513,0.165129046272355,0.471691420881035,1.32408062232945,22.5308527065256,1.06700964443103
"z_b[540]",1.17052248353345,1.17171111713362,1.2968528307274,-1.482801813499,0.185075739609457,1.85950731306327,2.32206109197695,2.6032926688974,1.22501184391846,2.47509623294515
"z_b[541]",0.441513943380569,0.697550409082787,0.908879795192653,-1.29387492783196,-0.269613333513313,0.751553043616967,1.11809334691348,1.75114822500923,1.69770294664447,1.7163743828768
"z_b[542]",-0.442150080123692,0.748074172901758,0.891426230376063,-1.75091486251374,-1.17700498664387,-0.62008174461337,0.196471496779846,1.41087438500929,1.41997760855374,2.10663872927518
"z_b[543]",-0.725383099891312,0.206803790756341,0.56933677459357,-1.91958823128953,-0.997167688215313,-0.863430714313578,-0.451603101147465,0.56193081522336,7.5791671128168,1.66303450526377
"z_b[544]",-0.487464121769638,0.389826420545679,0.946684085700351,-1.9030307091132,-1.31772941047742,-0.467075105984735,0.159453298179242,1.62478268078363,5.89749542391241,1.60117719800787
"z_b[545]",-0.390067444964857,0.107884724937257,0.512198324722241,-1.54417574351339,-0.525472749359027,-0.409902460315595,-0.290707449178688,0.879787063797774,22.5401286275377,1.06618178647814
"z_b[546]",-0.14812488858203,0.138282312995731,0.487610363376421,-1.30339807488891,-0.323991560370867,-0.113147598190474,0.0864635211522476,0.855458485658751,12.4340492758516,1.34229673425653
"z_b[547]",0.207375708114101,0.515752814070817,0.534309139491017,-0.514014785550666,-0.291958884754898,0.13009590887202,0.742129826273615,1.0205408099747,1.07325270908474,5.03757907007475
"z_b[548]",0.0433976757106311,0.941533765392131,1.11447783453361,-2.23909880469565,-0.948960306427522,0.639943599083976,0.961921703314904,1.35826986912651,1.40110625540663,2.02239801990773
"z_b[549]",-0.24583465877113,0.147485083726575,0.4674962373716,-1.18152221101192,-0.464372494911487,-0.298211906687513,-0.10875101112821,0.800046607682813,10.0475468864475,1.36091195480807
"z_b[550]",-0.746923415089682,0.448761702507418,1.05423670990742,-3.14953594640061,-1.18210797747235,-0.451904056067647,0.00476411638844538,0.682052096516884,5.51880050984891,1.81382784532536
"z_b[551]",-0.309282136714731,0.162739036778942,0.646393244333042,-1.49990620714144,-0.638454524212976,-0.417603341068619,-0.0495060901253784,1.33661996225196,15.7764808764151,1.11620235930266
"z_b[552]",0.588363309509105,0.564091299421892,0.758684539819098,-1.05496098345854,0.0197888484484164,0.754908963694914,1.14876681392025,1.72273023379154,1.80893793400714,1.68033832318204
"z_b[553]",-0.888783992602216,0.263833209167986,0.772857587632006,-2.34291643453629,-1.38805786584348,-0.87675539903059,-0.410124084495535,0.657164412212432,8.58104204416065,1.14578422751012
"z_b[554]",-0.85028688132135,0.195065852810963,0.496218277801218,-1.93245572676647,-1.16697913424205,-0.874965800879552,-0.614662332722946,0.308937661693271,6.47117303449549,1.53915896412835
"z_b[555]",0.371858072575782,0.72806665101612,1.08707162841436,-2.01486738775667,-0.602429754633222,0.802558638203538,1.22309772841103,1.80748521605448,2.22932838109311,1.65507244977033
"z_b[556]",-1.18468682288566,0.389334353425007,0.724932041717519,-2.13431387414144,-1.73003398612743,-1.30966807828455,-0.836011156405871,0.563601374346415,3.46696246460724,1.3787729115588
"z_b[557]",-0.195775242942122,0.132082981159919,0.710852486517333,-1.77367238551693,-0.595052375741751,-0.205686521516529,0.316879950915077,1.07907680121893,28.9644474995172,1.04198872457944
"z_b[558]",0.438870120876413,0.357845272067225,0.829702102120247,-1.39791660320176,-0.0682054048235559,0.572255549605319,0.930950953620023,1.95450704469247,5.37593258110279,1.44857080331734
"z_b[559]",-0.101700185406017,0.181023095360042,0.675842272799391,-1.36119124322988,-0.633554156342065,-0.104219983592221,0.460613992463622,1.09557739359505,13.9387147937888,1.09999548957677
"z_b[560]",1.322033883143,0.314466879592565,0.782888891625523,-0.635546323406385,0.856237892524866,1.64709228171455,1.80771387658968,2.51150811261554,6.19798383680567,1.22384602547088
"z_b[561]",0.0919945240275869,0.803444268492418,1.0938629552061,-2.2102579284251,-0.777486462562511,0.647510198816972,0.952675004704451,1.28590451585329,1.85359272189542,1.66805063328057
"z_b[562]",-0.346687471952682,0.314111976284489,0.893127073277391,-2.98483246822992,-0.311004218735894,-0.217142841354101,-0.07045253390572,0.976645865186062,8.08458102728593,1.42189085109662
"z_b[563]",1.14222794179261,0.70489708632026,0.828780210741289,-0.532281553360917,0.454339793392903,1.54270532127777,1.8680585376579,2.12721328498157,1.38237959420987,2.09008418767264
"z_b[564]",-0.529944301427088,0.705175848001467,1.27722333600539,-2.80260841215313,-1.97631678858589,0.0666879314828622,0.277024631153461,1.49799717740736,3.28049085066988,1.8169028235839
"z_b[565]",-0.0638981484588507,0.286520501756879,0.804064285046114,-1.74755240966131,-0.604701181509043,0.0748392298210073,0.431800795047274,1.73704436602066,7.8753549688433,1.55886414764807
"z_b[566]",0.134371917003198,0.128177756553342,0.444766358107008,-0.460234364497697,-0.210425022595804,0.0455412244027882,0.408368445547606,1.26387998047112,12.0403338202473,1.12412127027698
"z_b[567]",-0.697131209261213,0.146128831499191,0.44899865840411,-1.94631572834592,-0.728499242372269,-0.634575586865525,-0.521283987702648,0.0326079944698738,9.4410057826914,1.06993916255649
"z_b[568]",-0.221624220315168,0.592081725640906,0.870468975439872,-1.49373948866344,-1.00756725959305,-0.209044796878328,0.307656689694565,1.78869067121509,2.16144047593711,1.56375480807141
"z_b[569]",-0.692365330252631,0.993804685692876,1.04716662863026,-1.81957867893535,-1.67214539763272,-1.12173604522895,0.281630274264362,1.05849773685148,1.1102723055333,3.19984020769182
"z_b[570]",-0.495750184195754,0.163367101458929,0.413416474086489,-1.36842984427263,-0.715866090679132,-0.423263225209154,-0.219487812457133,0.225138951871586,6.40392666726417,1.24892539635778
"z_b[571]",1.50889273578395,0.775971909126386,0.890007527379239,0.648727408285007,0.78102205482768,0.878494514905454,2.30811008259241,3.30461111251353,1.31551365422996,2.01405844878787
"z_b[572]",0.122620028645605,0.826757358305197,1.1795754902411,-2.54893861232957,-0.580475413535412,0.308744921518923,1.05307250199086,1.79517252451985,2.0356135926941,1.46645344945552
"z_b[573]",-0.451066359851201,0.265370762103298,0.891808385505097,-2.05441937583753,-1.15250095624468,-0.398165830777336,0.128520689376109,1.2697323403651,11.2937185342453,1.23487659664151
"z_b[574]",-0.524845445721336,0.12967343547243,0.458430126157334,-1.61572130684228,-0.720703559856431,-0.416354281273437,-0.25918876508689,0.338264461203153,12.4981077969989,1.24875666920361
"z_b[575]",-0.300453609948305,0.663217964403254,0.89758855255382,-1.34347632281433,-0.957073795838018,-0.797897170936294,0.420800641765402,1.7437255535375,1.83164813317232,1.51264040479337
"z_b[576]",0.322806147411601,0.295987003686976,0.758750225997549,-1.58777782885079,0.0705956296776921,0.391618001928365,0.852309963590659,1.52409910132073,6.57131645874876,1.74754022294116
"z_b[577]",-0.0780190995978099,0.208789400708101,0.691683628531176,-1.39410998770659,-0.541425780361256,-0.107763834453904,0.315210143230477,1.43701336209829,10.9748374738599,1.13371341009998
"z_b[578]",-1.16960857847686,0.318753908974327,0.513931765636663,-1.98929606052776,-1.51620235106572,-1.41571559116454,-0.770690185658107,-0.0197395042272715,2.59956023473195,1.62049407649782
"z_b[579]",0.628518803110779,0.135643349518527,0.639372574988996,-0.672422241341925,0.25424969524517,0.566477171845695,1.05490639105309,1.96262280758242,22.2183087080642,1.1695516688884
"z_b[580]",-0.470929693455336,0.164047117089151,0.67708580647303,-1.69007839592407,-0.893659372222583,-0.561127059024282,0.0357874741106941,0.85671606460145,17.0353168061847,1.1937581946
"z_b[581]",-0.395057423222888,0.277445960652212,0.961891756432788,-2.1040607296193,-1.11228770098339,-0.513433137307221,0.242687453366884,1.55535911085928,12.0197543773266,1.20502055270697
"z_b[582]",0.447840542128785,0.907819233399475,1.01671777022528,-1.69023511420706,-0.328115525024346,0.566549831954732,1.40869283502233,1.75865030455107,1.25430186845316,2.39404739741507
"z_b[583]",0.0418005770218287,0.260079070233542,0.826903658970556,-1.95155341907641,-0.393353488901329,0.161702694584758,0.425053683181796,1.74528387525291,10.1087863888376,1.43313482420489
"z_b[584]",-0.0389373717480726,0.112635321201589,0.373140201218187,-0.772506997766168,-0.356971982122562,0.0586862845145645,0.232925386144703,0.539672808931207,10.9747561426114,1.15217474039019
"z_b[585]",0.400775914500526,0.599845918520287,0.8134881488301,-1.20735790602126,-0.327854570969805,0.760773449555234,1.04156807644559,1.50473811504717,1.8391749555036,1.59251265383629
"z_b[586]",-0.215040139365822,0.180484111487,0.647659883038031,-1.59495354166645,-0.643400581695124,-0.181587055725152,0.147868870229951,1.22736098215145,12.8770399358207,1.10252260488254
"z_b[587]",0.05452925439634,0.246865013290467,0.770055351662258,-2.00235891641625,-0.0683171325590367,0.286278382502226,0.441358262541533,1.16045011261098,9.73026791141465,1.14905817231423
"z_b[588]",0.663489719570066,0.85614572158225,1.03660407015983,-0.61093726794369,-0.127566467286005,0.158171427862139,1.41190407733196,2.86307303542697,1.46598807654495,2.0440267110182
"z_b[589]",0.200548567201412,0.226676974643474,0.536361776691317,-0.704586733288594,-0.2012784626482,0.187141629953456,0.530790537761235,1.30257445259468,5.59887570228166,1.94382133776505
"z_b[590]",0.636962757736379,0.692793701171511,0.904039214190224,-1.04466394406842,-0.0590529589468618,0.687267816697581,1.28691212567111,2.26053951334345,1.70281190305649,1.95822246444025
"z_b[591]",-1.17951801192341,0.283962193461807,0.830838253252202,-2.55259186708185,-1.69595345935808,-1.35754683104675,-0.755170971715274,0.939807485420122,8.56075214982098,1.45265347049808
"z_b[592]",0.156913830122192,0.160164735391676,0.492242641586125,-0.912830814826658,-0.0457595982395186,0.121408019404731,0.32091148716795,1.40209166404894,9.44549373402718,1.0941542885023
"z_b[593]",0.120911981352253,1.37232376823772,1.50246398743802,-1.88864485933085,-1.42985397477688,0.230260246404411,1.23933292686722,2.6843379144215,1.19865712675003,3.83116102617189
"z_b[594]",-0.682852447215096,0.271535788337348,0.73259804711377,-1.86510667270151,-1.25581509917182,-0.717827249159126,-0.0754868367127528,0.673694788121224,7.27909450843267,1.60930683371087
"z_b[595]",0.910910884148406,0.173501978756857,0.720460060216016,-0.406789257838674,0.397768608684173,0.861847806258208,1.39505906902885,2.38248062920676,17.2429256554756,1.08662687131407
"z_b[596]",1.37697807159723,0.732226531470857,0.942824035915914,-0.767517134919427,0.689399972339309,1.82096704206759,2.13021273917927,2.27314571493109,1.65794595424437,2.95970081245104
"z_b[597]",0.298079791427488,0.249974216258981,0.713600614714567,-0.895482984611832,-0.303765513226794,0.268342454053936,0.928321149616709,1.47562288962361,8.14929426479601,1.28625170701761
"z_b[598]",-0.0759512259395269,0.145550598368265,0.762739218417175,-1.7752167379098,-0.451784204560935,-0.0067100458024715,0.344140139248597,1.60029430957175,27.4614942443474,1.16810879783338
"z_b[599]",-0.0951696193034868,0.247437714515177,0.580254909845215,-1.37980974955972,-0.474376026486842,-0.102482417457113,0.331204036074085,0.888577180096899,5.49928030377912,1.70674246219029
"z_b[600]",0.0714468749760761,0.186726430045417,0.392456585234407,-0.35513007441505,-0.234090390923574,0.0109316508398986,0.158243530587123,1.09771530974787,4.41745010773737,1.64233855308292
"z_b[601]",-0.309779220378488,0.256882886148182,0.820654091410412,-1.64937875486895,-0.883818110308228,-0.385126726633454,0.110960852444662,1.66724716019979,10.2058676964937,1.35099658708357
"z_b[602]",0.778687844016531,0.613880698594172,0.897149987864204,-1.15254883581181,0.104823286725817,1.11069568104806,1.40689360881973,1.95350513303758,2.1358077292597,1.50640455042172
"z_b[603]",-0.772671265872249,0.20977801314048,0.630175855016861,-2.10624008006778,-1.25693947208408,-0.62503026009625,-0.271552170508206,0.183883140670862,9.02409342908843,1.16151149591687
"z_b[604]",-0.727456043329706,0.180608433429807,0.576745029277447,-1.66974583922573,-1.06659382121066,-0.792292452757171,-0.523231863285568,0.922886938484007,10.1974519858496,1.23378011013265
"z_b[605]",0.720403536046722,0.283295278172822,0.691823344458925,-0.466360078120321,0.248160112164041,0.597570651246452,1.30764308981809,1.98771409098431,5.96364458646551,1.77606888173705
"z_b[606]",1.40662133886192,1.25492997027783,1.35736254158645,-0.716371425428836,0.122753316273335,1.64371626700033,2.62486772393206,3.57161891356365,1.16991076596537,3.3613747714176
"z_b[607]",0.276140246951836,0.232859838600582,0.696019845747499,-0.81728786888863,-0.150595937667005,0.142858498780023,0.624505630485812,1.87957784177239,8.9341669061391,1.23540153313528
"z_b[608]",-0.192451525005437,0.355492473420415,0.567320673264892,-0.881397093286011,-0.629062594637942,-0.359662132659111,0.149552619572763,1.20680997134253,2.54680913480534,1.69524637854768
"z_b[609]",-0.640573319490388,0.83506066989274,0.887329197724358,-2.07266907272711,-1.54571664425762,-0.000650101233742493,0.130447068190557,0.366479135302155,1.12910280286333,3.50119901651274
"z_b[610]",-0.490602234824137,0.663137874939132,0.90357463864196,-2.03956582125801,-1.13566308571912,-0.62413367242614,0.00188219690801709,1.05729338133034,1.85660877600512,2.78630377302576
"z_b[611]",0.770779358364839,0.920130963901493,1.01880402467869,-1.24294706965946,-0.0254922440327226,1.39860285642624,1.66335919166333,1.70600670916107,1.22597612455095,2.34955756501832
"z_b[612]",-0.631900995286707,0.684115566072084,0.932402937412527,-1.71563858078099,-1.29442385086851,-0.99069837730069,-0.0660897451731582,1.40788959476947,1.85758340040153,1.76482790328531
"z_b[613]",0.324269742890867,0.166070733762955,0.400086874437987,-0.617588771173922,0.148456790633531,0.4010269031917,0.58318290077421,1.0050217029086,5.8039331093552,1.29509845427386
"z_b[614]",-0.968663871388885,0.333480798433969,0.763989683547702,-2.26233745875249,-1.61162296762478,-0.986776457035414,-0.282504973370257,0.26515747964988,5.24847729850939,1.40062714007936
"z_b[615]",0.845831701329796,0.498866501614815,0.914189743757954,-1.7209469856096,0.555270453775631,1.11516811162249,1.4859163626682,1.83274205938386,3.35818025936383,1.81839586845801
"z_b[616]",0.596862552812948,0.83466913098652,1.00235384395859,-1.50984671373682,-0.155825234694358,0.914555449379149,1.37936221123304,1.93430174525663,1.44215990229761,2.02882455086664
"z_b[617]",0.987463102717354,0.185273699983603,0.544137067512086,-0.393442228267264,0.876400991944799,1.1219528018858,1.30066520764511,1.82916794202882,8.62559522956438,1.30468750687717
"z_b[618]",0.513516152804371,0.630423648080154,0.992248732486294,-1.17416981665817,-0.402471887222525,0.635869525616383,1.33546882603216,2.1433458245018,2.47728580451125,1.40858448015643
"z_b[619]",-1.33090564285068,0.406512612840659,0.6947682510644,-3.18915296178916,-1.62305060259621,-1.14873903617529,-0.848157879626514,-0.473185589972297,2.92100216238146,1.65530323849373
"z_b[620]",-0.13655439085781,0.277382879703741,1.07477889855019,-2.01707958006309,-0.970368342552493,-0.171487596055949,0.699884126766004,1.91990208918253,15.0133966021805,1.09944689583131
"z_b[621]",0.133398982366425,0.447430435308048,0.806565711389432,-0.903722992360102,-0.415110860599919,-0.0753514313140624,0.472019351400584,2.17705938649752,3.24958922273905,1.49990837999205
"z_b[622]",0.323471964565004,0.48328810263299,0.820840610452317,-1.37410359123788,-0.304908079391702,0.399342512101292,0.956260131128284,1.72742020804645,2.88473192830918,1.55693986309165
"z_b[623]",-1.00162571491819,0.105316588422055,0.457344679421347,-1.81536457046449,-1.2942035954898,-0.993091787811277,-0.74684646997092,0.021998812009294,18.8579160222563,1.03509347609799
"z_b[624]",-0.950589787666726,0.187619756620988,0.871848430770373,-2.43891784153889,-1.5616827554028,-1.07066653339835,-0.449536576174188,0.980407100552368,21.5935896405394,1.16145912146518
"z_b[625]",0.0432149757827704,0.738098396460215,0.742983980311354,-0.762954117908657,-0.693168125196001,-0.03980326502358,0.763601930371644,1.02869504825657,1.01328211273815,10.60252247666
"z_b[626]",0.919113467731517,0.355055962439265,0.665257468624372,-0.784802549704594,0.593248309597653,1.08827996884588,1.37297534025581,1.88594384991038,3.51063677262387,1.29835474910536
"z_b[627]",0.147884320332712,0.166569555112024,0.466386360869393,-0.953046311664846,-0.103920265287969,0.157285968859666,0.354218753273182,1.237922466154,7.83971781839149,1.47786895297784
"z_b[628]",-0.380791822546542,0.441673788767404,0.891323552062043,-1.24543428094904,-0.969619280584287,-0.72875830146414,-0.0527005799722382,2.26077021362013,4.07256018630016,1.45623516033721
"z_b[629]",0.282519063463109,0.216092106853513,0.719327485008172,-1.02953241521705,-0.168534651883483,0.274393880676772,0.565227048992616,2.17955270208784,11.0809118959216,1.28640628432403
"z_b[630]",-0.260445070872874,0.748694213421701,1.00656811828534,-2.23265641348,-0.805581133076353,-0.274963633586984,0.467680423568708,1.59637488688278,1.80749617991742,1.52520200925665
"z_b[631]",0.575538693047727,0.250440436622809,0.722642018798083,-1.03397571038178,0.0639912413662536,0.611020329306594,1.15325485971017,1.816808428766,8.3260212778822,1.22206824460198
"z_b[632]",0.133899902683024,0.28228045875078,0.751810960896473,-1.11072981531019,-0.439491855638281,-0.140982078920853,0.771649813498757,1.71871703426002,7.09342003376674,1.43912299924198
"z_b[633]",-0.722696779238241,0.165677555742814,0.87863784243449,-2.20702487906499,-1.36695735395989,-0.753443771567679,-0.168945581954103,1.38995675426338,28.124994799265,1.02399963066135
"z_b[634]",0.252709808605119,0.413336242674027,0.905216122594968,-1.8166903212372,-0.266967588005764,0.387215526147096,0.865402214769501,1.6837382022628,4.79620333044574,1.65978752737669
"z_b[635]",0.671853387710998,0.78271168847563,0.870272392716999,-1.11745251376666,-0.0321578450706317,1.11771723348748,1.40156982314154,1.73767490416367,1.23625133889101,2.69768391627393
"z_b[636]",-0.640041049540679,0.264321204401283,0.972528843587978,-2.65984864002096,-1.25500846178438,-0.707014584450073,0.074741903254883,1.16527174189911,13.5375780081869,1.04495210725292
"z_b[637]",0.449789775411128,0.219519185160762,0.67001375787434,-0.712252437884003,-0.0358288287682716,0.458664853953769,0.79814390248347,2.066690644814,9.31584978419074,1.4003331437917
"z_b[638]",1.09852025513503,1.05963522735071,1.15757661464467,-0.950235567007312,0.0260834504549666,1.91727089137654,2.13440830560913,2.29007392865531,1.19340186823147,2.79934600016135
"z_b[639]",-0.551937350301313,0.494807890953022,0.850466207587262,-1.73257196172567,-1.07259666648375,-0.970585942127665,-0.0331600352125286,1.4105304933192,2.95420677796325,1.89547855295005
"z_b[640]",-0.814402461959662,0.109305993568517,0.524917287763736,-1.99417690984018,-0.992493306663909,-0.834308280280695,-0.685550721176014,0.631909148280405,23.0618317756405,1.13344771633305
"z_b[641]",-0.261149969078737,0.178404234360623,0.737144071239469,-2.08352316489507,-0.479160602822533,-0.0373298173471509,0.12891207122907,0.993362338241554,17.0723945077488,1.10020612907868
"z_b[642]",-0.0969364583202627,0.492697030164107,0.639060944510729,-1.39149115784426,-0.595786548416156,-0.0347725204892047,0.435736630676158,0.891861844006319,1.68238220061086,2.30738423942571
"z_b[643]",0.873467726410976,0.958300505608766,1.02782208609285,-1.05414317454143,-0.0626691134300745,1.4961053475193,1.73484189201638,2.18810332194717,1.15035651589061,3.46402820427064
"z_b[644]",0.383687580237738,0.228702939943371,0.752780587908912,-1.07746061678893,-0.128100737384268,0.320809417805128,0.881863285057138,1.91301880398032,10.8341121722411,1.17916509967596
"z_b[645]",0.0600533406818666,0.278358822693472,0.815412601413461,-1.58268083504198,-0.382564694027849,0.0322660823821835,0.456244447192562,1.78948849141802,8.58113739314235,1.35231915261031
"z_b[646]",-0.473073473387315,0.933091373337728,1.07851238151101,-1.4693712646836,-1.37230216551516,-1.16054010644815,0.155368208228515,2.05074165478619,1.33598604549807,2.20060431699464
"z_b[647]",-0.0843176019340654,0.51358934314391,0.70714875761887,-0.992233556681381,-0.641846200985094,-0.316668294277004,0.496399925975663,1.57301297988617,1.89578707535784,1.63080001028291
"z_b[648]",0.430429636001984,0.302469962230083,0.733748434033899,-1.44167962864553,0.125317381679073,0.612712216429655,0.901118262581177,1.68339801363412,5.8847751085592,1.27826441605341
"z_b[649]",-0.279463954644217,0.121101030906396,0.587789653112278,-1.54813454127217,-0.501339102477931,-0.316574046017624,-0.167594535862936,1.29803795685875,23.5585302942618,1.0349531301531
"z_b[650]",0.778101255092923,0.328448540340115,0.515819624775704,0.292702835205043,0.410268031016837,0.534516982134165,1.10855818223077,1.97733576187508,2.4663860202058,1.46720558372962
"z_b[651]",-0.805313620885306,1.09481400049953,1.20396250831052,-2.06075296832434,-1.89203067275903,-1.59678021028034,0.273948449082165,1.37090954904179,1.20933115423695,2.42544380731057
"z_b[652]",-0.660252245441844,1.01320112619514,1.13942728799123,-2.23681593149356,-1.62416064102158,-0.890303477034465,0.291236675790797,1.75004011836944,1.26468365157426,3.00599817110836
"z_b[653]",-0.165701650839534,0.418818029043406,0.998765308280295,-3.05718175001883,-0.403674538114338,0.0455478731448412,0.4067608954268,1.26370380228228,5.68690744913537,1.65647771889575
"z_b[654]",0.389835222661921,0.381452785927326,0.9900849437216,-1.33281217718214,-0.356189568313274,0.422666951464596,1.23256971495108,2.07063299842724,6.73695009476632,1.69218048350067
"z_b[655]",0.687155594164576,0.283785311331936,0.868215716207977,-1.37055259151679,0.272862018841238,0.932971408594477,1.12270233501125,2.36217624893908,9.35999163666927,1.1438852431096
"z_b[656]",0.326344314309329,1.00233890038702,1.15498986984513,-1.19140513510504,-0.56173853391047,-0.0979031782976295,1.21836943177882,2.71077619911283,1.32778323044329,2.49967807506563
"z_b[657]",-0.807517516293054,0.749536939278644,0.94659988241868,-2.44971128237997,-1.56666521202805,-0.886530863311733,0.0126787273395731,0.860929145476445,1.59494903604352,1.69684696171882
"z_b[658]",0.222196612242836,0.220099213285054,0.766014953155503,-1.73012044313338,-0.111043030481825,0.261433816518904,0.628885281904441,1.72396767507706,12.112603873821,1.26934209132724
"z_b[659]",0.881274618013186,0.622349092398708,0.933980250289067,-0.778291783668827,0.207392129513199,0.783525225474298,1.47103690312859,2.564228117402,2.25220161015974,1.89243680018672
"z_b[660]",0.393521534330093,0.9193643125942,0.957024315274806,-1.10740957144799,-0.557749532103346,0.937162335940528,1.3054944099295,1.44226187037001,1.08360415383885,4.17205900762915
"z_b[661]",-0.667363712209923,0.44761990519597,0.661843457485691,-2.13886226043768,-1.14715341840668,-0.440824501831317,-0.177966769060387,0.158768517799066,2.18620950598543,1.44467548791548
"z_b[662]",1.05600007456522,0.780170481581636,0.964137542526391,-0.419620462573714,0.0438435351608349,1.17142718269902,1.8410020678295,2.72994919308888,1.52721070496306,2.09882377402747
"z_b[663]",-0.196974049056677,0.177121385655958,0.554193267089141,-1.28496151366714,-0.418888414706764,-0.311701908673681,-0.0851454203149216,1.31584974711637,9.78995032587155,1.34441586899891
"z_b[664]",-0.150754865156921,0.196470717580325,0.751079016245068,-1.4464619936957,-0.72789873446052,-0.282355120312939,0.543940810654836,1.17811792547355,14.6142184515529,1.06626450782626
"z_b[665]",0.854892657851185,0.16453612892317,0.509839475587501,-0.36242166783132,0.562068958453755,0.911860205585599,1.23339796811943,1.70538834748597,9.60161674508223,1.05910048138778
"z_b[666]",0.342569423141233,0.321690386602927,0.738963880495172,-1.26117420680619,-0.139430483677225,0.384318691798123,0.89665588928791,1.60847171220105,5.27679542169131,1.49317961631726
"z_b[667]",0.915682423033114,0.40179796305683,1.03073139718766,-2.06571829709821,0.874957192218144,1.1474627301668,1.4261574506158,2.43088528502058,6.58075237509253,1.26728582518494
"z_b[668]",-0.366728249695778,0.503492005197392,0.88178164419497,-1.29637439310104,-1.04425247880866,-0.636418637715056,-0.0454676753325914,1.71092370831774,3.06716366116728,2.21021816042156
"z_b[669]",-0.108429174943151,0.815723900293809,1.25403589163059,-2.28706493843451,-1.08096771465798,-0.247927049896818,0.929207811450315,2.19176310252568,2.36338001593817,1.58366745178437
"z_b[670]",-0.265570974156376,1.10572344535284,1.19527938236998,-1.87592517588423,-1.48238381517118,-0.265777287769148,0.740449851037763,1.87999573965883,1.16854601857496,2.76144624615826
"z_b[671]",0.157329305536668,0.70575606457167,0.883525824863605,-1.30739166320042,-0.486251940710734,0.0775492058488008,0.787556656138631,1.88537942802996,1.56721745088033,2.0182861012723
"z_b[672]",-0.0476035033442966,0.475792051567664,0.887058163356043,-1.91296069535354,-0.674924489379146,0.338231238684408,0.434681798557011,1.52545414535101,3.47592045093748,2.1253284217065
"z_b[673]",-0.072776992134205,0.18823232508309,0.598106226412276,-1.14009605472282,-0.44633630484717,-0.165642653713054,0.243508939173809,1.27568138365473,10.0964391816263,1.34216360680741
"z_b[674]",-0.332551912902817,0.626961563563462,0.755696080578712,-1.26886688305721,-0.930839385429096,-0.740664927111197,0.287788336019588,1.24614640916115,1.45282232819879,1.90460439301231
"z_b[675]",0.175475196709318,0.0978357897887833,0.56036935894592,-1.15101273939153,0.0151407357786365,0.15082810527512,0.3417975574812,1.47899092460799,32.8059976544706,1.01498145292355
"z_b[676]",0.520574083435799,0.760032563002229,0.946628697876012,-1.28348383046711,-0.299009311702761,0.960549425657143,1.26157084719156,1.66155667439861,1.55129693104514,1.7502340910049
"z_b[677]",-0.218812941204397,0.992163044418047,1.20965738605642,-1.6903493445406,-1.30565576142953,-0.513949606388498,0.809018982650434,2.32678528869122,1.48647862926767,2.4236385756192
"z_b[678]",0.164635674207159,0.443692749329973,0.863140726520785,-1.40672946345297,-0.523721864403321,0.210497939606357,0.758354077644933,1.85440459979579,3.78441325030951,1.51536830790711
"z_b[679]",0.0977337403563856,0.20541131802917,0.676868479782985,-1.66430740747769,-0.140961248498853,0.259393313083066,0.486962416481415,1.21765246252719,10.8582501448464,1.1297321642095
"z_b[680]",-0.281607965381602,0.337879058953695,0.951820828626291,-2.07758935329256,-0.958031509730497,-0.245690820124743,0.354755479214027,1.67823562507728,7.93574778454513,1.33495704438426
"z_b[681]",-0.154848772640751,0.949881644626512,0.9754549512421,-1.66402528422117,-1.09937027619516,0.182817508283857,0.782081282157069,0.946326606372145,1.05457007622967,4.25097240652778
"z_b[682]",-0.350585205780209,0.442469992838586,0.830855272651354,-1.81345192710666,-0.969579767620887,-0.243916992446476,0.221133990243855,1.1852987271396,3.52600654340026,2.04197684386426
"z_b[683]",-0.301839975350365,1.02553348905545,1.25443354257728,-1.91803482044473,-1.29507416815536,-0.687067307714199,0.512514344584692,2.90922701402668,1.49622057483432,1.95977775145269
"z_b[684]",0.365886511617388,0.219941062073777,0.75408892271604,-1.55974021947113,-0.0363954909878798,0.591370885260886,0.87631964982151,1.51500710280191,11.7552666980831,1.18428829278243
"z_b[685]",-0.272076755943323,0.416468893360682,0.872156327349512,-1.38059297944531,-0.738962449298577,-0.578641866193901,-0.175671733400161,1.99294998444937,4.3855446192765,2.09070208698552
"z_b[686]",0.480324231831434,1.87994843746126,1.92974861166381,-2.71308248404967,-1.09480422407577,0.915014001283708,2.34267558609481,2.5235567090354,1.0536820914967,7.29126131627201
"z_b[687]",-0.179461609067027,0.476415677468397,0.623861409356116,-1.54300754817994,-0.651465049914923,0.191148781298342,0.262215900751817,0.479848861354851,1.71476320180233,1.69496286030382
"z_b[688]",0.0213186312923136,0.500104412811231,0.812880719394988,-1.48266527389087,-0.596300914192307,0.00661180561555702,0.601757175907643,1.47047507199641,2.64199670742994,1.39014205930027
"z_b[689]",0.900182097147538,1.2019573341192,1.29297881847739,-1.62654027603488,-0.254704017523894,1.87120680890238,2.0830178414246,2.17133733482885,1.157190120252,2.84855098459617
"z_b[690]",0.211252909824851,0.390583395742247,0.616154016596314,-0.570202991827525,-0.221718431446943,-0.0273822093688804,0.822964536385203,1.33391865181392,2.48857660540754,1.48335751265077
"z_b[691]",0.420888392497388,0.697915946407971,0.851105753199546,-1.48334912529485,-0.261810087362957,1.00439059176568,1.0861910644772,1.20827170342979,1.48717066252526,1.87064138379139
"z_b[692]",-0.31655950764745,0.401859204219709,0.743104233660447,-1.51231061663311,-0.81269107197348,-0.482618967764284,0.127295073745714,1.34378094548862,3.41941357427645,2.47483703436835
"z_b[693]",-0.522031699457909,0.790352275969365,1.10018877538699,-1.81624971298156,-1.33325436226023,-1.17734892200501,0.38324023293258,2.03678279671721,1.93772883966685,1.97909484531821
"z_b[694]",0.613969330726663,0.738360367894914,1.20062768643282,-1.94518469219005,-0.578249360541143,1.21774335223063,1.46709594711958,2.11388181823503,2.64411264343281,1.42602246336688
"z_b[695]",-0.125380765814086,0.284727876313744,0.648494144608438,-1.7436312530893,-0.324023161967533,0.134584658609308,0.212434812141581,0.811066514473552,5.18742869954988,1.3201025809083
"z_b[696]",-0.234140890164213,1.15818441743961,1.27027465048439,-1.99494626912366,-1.30917591416861,-0.611302726775748,1.08609955924719,1.86477233955022,1.20292853722686,4.57819896634722
"z_b[697]",1.46308562622892,1.19723115274153,1.31819780180849,-1.49993777182609,0.28246589194185,2.3192718365984,2.61842408797686,2.90701595597014,1.21228616334037,2.40963974645973
"z_b[698]",0.731265279756698,0.145456525776042,0.489779004195689,-0.435754422591733,0.569683539147911,0.681201186153865,0.869387369033927,1.86590965922887,11.3379335487332,1.07130102645603
"z_b[699]",0.632073249404915,0.196696247290246,0.716460388642221,-0.573321823520688,0.117034963585938,0.559328234190178,1.02775357364716,2.21244477903519,13.2675954331928,1.26217471012304
"z_b[700]",-0.0465840778473971,1.84872998199959,1.86075942476746,-2.42726343316201,-1.91613929305912,0.159390611895289,1.84098218106852,1.9693241227007,1.01305607621027,8.66393664278327
"z_b[701]",0.599883899793764,0.374804780352891,0.556761698929841,-0.36288025641576,0.186097630641066,0.588069148011498,0.953885872789721,1.70499506728712,2.20662462335585,1.63534226269509
"z_b[702]",0.552594237820525,0.439498988711916,0.494447017354516,-0.261175190335643,0.119766112550901,0.611693951590869,0.944865334603357,1.40102934029171,1.26567954876929,2.25440291239039
"z_b[703]",0.569782717145649,0.111098158146177,0.614800177398931,-0.805006153793572,0.295769436515151,0.615648234587797,0.834025510039047,2.06512877581698,30.6234594550702,1.04939878316325
"z_b[704]",-0.145490879231246,0.190463094623576,0.55536123499863,-1.09067099385387,-0.541723283789932,-0.165644524875539,0.221211924369411,1.06416692910131,8.50216348031041,1.18493516309547
"z_b[705]",0.152088498293439,0.17440331669566,0.503348250088733,-0.906445297396239,-0.103115904369102,0.162631870845022,0.456215469090564,1.18676034235544,8.32966713161825,1.34820224687625
"z_b[706]",0.221535843597559,0.265718333828193,0.764051096958363,-1.09427241310004,-0.267083660010405,0.0700260588425463,0.596922795934738,2.10475345160377,8.26802471280317,1.24584039453748
"z_b[707]",-0.00709620729018966,0.262837590928262,0.732460070735438,-2.22094165614101,-0.1628150585754,0.199164679360934,0.405321518947408,0.959227061882699,7.76592073076511,1.34712783871289
"z_b[708]",0.419621382809754,0.81979457455836,1.10037377929342,-1.41253650129652,-0.502103980713874,0.372202793089314,1.22200692406275,2.51790634278452,1.80164983619473,1.57052545775015
"z_b[709]",-0.0813514640893196,0.208489255327118,0.739687660276335,-1.41678933195816,-0.672718095430872,-0.122507386210791,0.519402965178152,1.27763209891478,12.5872074864988,1.14929883722444
"z_b[710]",-0.0653103519445601,0.276956793545176,0.901684525023746,-1.76548304800111,-0.781707541916471,0.0296425303002368,0.620328189339767,1.51512301855738,10.5994953197002,1.28527105172997
"z_b[711]",-0.159724731647136,0.252081929062078,0.685655820328115,-1.43829221073682,-0.628195860676209,-0.175790429580634,0.143989564587128,1.45347398101439,7.39824836213735,1.42430175614072
"z_b[712]",-0.480197718475741,0.53366824886546,0.743449892223482,-1.76193557788552,-1.10055399298442,-0.470580011494615,0.109882504227173,0.804890990801079,1.94071014489301,1.63450932020341
"z_b[713]",-0.578064675903379,0.580099122440663,0.693305653828534,-1.25962221080709,-1.1394236778297,-0.984523524108229,-0.0149854344415991,0.921915871945909,1.42838429568597,1.88402054013479
"z_b[714]",-0.0332075990419373,0.0992678107506518,0.449789548104902,-0.965857949951046,-0.276865346406624,-0.044440760114522,0.239081515873886,0.822099754328335,20.5306089331123,1.14842974996189
"z_b[715]",0.174214054483104,0.538008178031703,0.721367748670876,-1.32521695509779,-0.323376390380419,0.223013156382848,0.760788353762059,1.30430180372682,1.79777645781792,1.95675962773749
"z_b[716]",-0.423880111163215,0.173828959775752,0.600813408498233,-1.35238632999526,-0.795878208902917,-0.491845736767459,-0.229025466355656,1.22514326253349,11.9463427312893,1.19585292583534
"z_b[717]",-0.00402593520447554,0.30253311300928,0.689549299134808,-1.22909994149781,-0.60126428162388,0.0806766041393001,0.558271510029018,1.1570492918081,5.19499112966062,1.41775290133694
"z_b[718]",-0.77635467702609,0.0983671907400216,0.472897428702215,-1.78708791802276,-1.07704276739508,-0.732070018738589,-0.433651567538873,0.0573643599437881,23.1117785758927,1.03941916337675
"z_b[719]",0.608067505434277,0.389896940557334,0.819531805588611,-1.16343231496942,0.0827857560509737,0.654705125633315,1.1119158018216,2.03157742582428,4.41806367867638,1.3557659079579
"z_b[720]",-0.343282794197874,0.198303659510488,0.824874973857489,-2.54573241054851,-0.832591012980016,-0.260369699849848,0.175221473009898,1.21585501094422,17.3027366435337,1.19453738183134
"z_b[721]",-0.117092836152346,0.578226509741533,0.814477643677834,-1.70888017348466,-0.820190157987468,0.019510514887407,0.613328919354288,1.13389519661677,1.98409443292308,1.85693558709617
"z_b[722]",-0.198677872487459,0.391611554776662,0.602783173282464,-0.920557193357105,-0.601557724509079,-0.43785277012923,0.192418676316081,1.29971089897176,2.36925194570047,1.50923333193107
"z_b[723]",-0.808359037153066,0.956423609352888,1.10213447945728,-2.19141561624292,-1.81001193016456,-1.08933338106225,-0.0278532390437816,1.55184033498936,1.32790987963737,2.23572759001529
"z_b[724]",-0.252471872392558,0.13009905912232,0.688690057970782,-1.97604707071146,-0.583229908854763,-0.169518745644728,0.200450790311948,1.03220880267912,28.0220120495221,1.01481847451745
"z_b[725]",0.544287068605024,1.22760237725914,1.43625108263493,-1.66720798174584,-0.705632464659347,0.270065834014941,1.9062294692558,3.0566918455955,1.36881670467516,2.16205884836947
"z_b[726]",1.98508461525817,1.59681691089738,1.69254884817395,-0.962569202956461,0.411231394636488,3.13744410090055,3.51442151921721,3.73507709372343,1.12349767122441,3.00558445567885
"z_b[727]",0.0453612018354853,0.931125706022775,1.001503680424,-1.44123134038635,-0.928658421076129,0.0781267054172312,0.99670028489435,1.6410791657538,1.1568804074656,2.81590778087804
"z_b[728]",-0.229313542186372,0.692118125482766,0.966278490006559,-1.83101415074238,-0.925808309049244,-0.192550748269047,0.436945534397698,1.57794258349379,1.94914513464585,2.65257963751376
"z_b[729]",0.218932620246061,0.251049300969676,0.827095142806468,-1.58809153147876,-0.300621208881536,0.281857233666744,0.756844361234907,1.68964455851877,10.8540772427853,1.22687369448757
"z_b[730]",0.335073308119064,0.671005556364762,0.943929170694562,-2.09597883358252,-0.122659778325607,0.688682717325552,1.00910519241406,1.35250305585099,1.97891245618738,1.5317082660145
"z_b[731]",-0.341290939026382,0.159858781495108,0.623790364183463,-1.7268670570931,-0.651048101015354,-0.355884533661039,-0.0351270823810127,1.12624106723448,15.2266486659017,1.21636189689918
"z_b[732]",-0.290419529352788,0.242666979352788,0.882561707083484,-1.93598047110405,-0.965489149431736,-0.285346500530457,0.361376853714524,1.39668904474894,13.227226549031,1.21197075582654
"z_b[733]",-0.234780586131252,0.297171981741815,0.979638931135183,-2.06818037904164,-0.968861433214689,-0.146517428516445,0.572286511508877,1.37335830406894,10.8671672401391,1.37696787866448
"z_b[734]",1.28552528379798,1.48716053931998,1.56212492559,-1.2529217099595,-0.237641999966704,2.08847851927019,2.72896630819681,2.85116189219884,1.10335639830762,3.27478295436844
"z_b[735]",-0.113702251035985,0.225540292220215,0.701710580361174,-1.50687278809678,-0.535425278167356,-0.159301944786894,0.276041905177637,1.53402192833264,9.67983093511299,1.26423018165738
"z_b[736]",-0.480489269466809,0.742958883561102,0.851791782972192,-1.61855099452574,-1.17789317012532,-0.636017339767978,0.106490253436015,1.37735060211069,1.31442960622771,2.02675354086575
"z_b[737]",-0.067017630091191,0.331891843134231,0.837042853368401,-1.77654081515425,-0.114060575025016,0.00364569468703359,0.107541850205065,1.78505781942337,6.36066067450115,1.74248027270836
"z_b[738]",0.10848053265667,0.161856728874194,0.625887859522198,-1.64168015315985,-0.171095241523296,0.153378517376573,0.422322978255632,1.45213474835278,14.953110304052,1.02636025281812
"z_b[739]",0.30947244047704,1.04187998726074,1.04991989165657,-0.989104437665546,-0.70458938573302,0.324312027671508,1.37214891001154,1.59566573412299,1.0154930037469,9.35049497862537
"z_b[740]",-0.164044682357648,0.0819427859378858,0.408113618167804,-0.916972630473476,-0.34842500102415,-0.246615596690729,-0.0545490768726629,0.951616661806132,24.8050851999166,1.06020656694535
"z_b[741]",0.34460444385893,0.331193993499952,0.702507302559991,-1.00113102613453,-0.12403074778399,0.316911216880544,0.758559083024062,1.78323553930954,4.49921536822363,1.21721456071206
"z_b[742]",-0.741750762517374,0.167027498642555,0.684766296099741,-2.02637693678914,-1.14161946033087,-0.827618680016412,-0.360648124216885,0.750957739125405,16.8077197561409,1.06813098214242
"z_b[743]",-0.250568382318791,0.773286553940677,0.880953992513871,-1.87170953268511,-1.1133294881461,0.0625623453530954,0.505611739519595,1.00046792408268,1.29785310059993,3.52414456516193
"z_b[744]",-0.347816757904644,0.144923539422736,0.575519341302709,-1.69991845571069,-0.644402808690517,-0.384026728614382,-0.0969305857753681,0.900010417033842,15.7703736246862,1.0296468728491
"z_b[745]",0.660542281508089,0.173678181618619,0.799387463554944,-1.166279265129,0.208459164660867,0.575140248755194,1.21887764580637,2.28354483998089,21.1847888291452,1.21251941883688
"z_b[746]",-0.453245533690567,0.264434400898492,0.705457489776816,-1.62464713846353,-0.969562990067501,-0.520638560916407,0.0676245495107279,1.0202944016362,7.11714463388221,1.16825798695293
"z_b[747]",-1.02488636962715,1.10022863301485,1.24599316271453,-2.33216999494316,-2.07604185844468,-1.7502061340524,0.285049933779412,1.24791364664825,1.28252379708163,2.37915956142868
"z_b[748]",-0.560527587598379,0.10609288839533,0.587548732716351,-2.01943112522365,-0.7953162707206,-0.522708632536206,-0.25706593228881,0.608652117397347,30.6701034698838,1.02787326001512
"z_b[749]",0.496760877462161,0.201771236596902,0.698495790256045,-1.02109851854048,0.196266754350464,0.5801972613825,0.952758118390327,1.69396850685683,11.9842007313783,1.18652301174421
"z_b[750]",0.417482175543621,0.60641027940041,0.808170858639378,-1.12793058093794,-0.13401664462726,0.391830587451412,0.959114828781323,1.7568742093106,1.77612392256237,2.04644058007303
"z_b[751]",0.00937803215268718,0.333138900249604,1.01206291011943,-2.44729852667117,-0.594277115681205,0.102229976499601,0.697714234287604,1.74791230115225,9.22920564371011,1.27174344323159
"z_b[752]",0.93128386478447,1.58618144650757,1.65499176304159,-1.9727299023358,-0.62147778269297,1.56135824591093,2.48221910136275,2.93948032581492,1.08864414691851,3.61552463022585
"z_b[753]",1.00927449465824,0.745408095527621,1.03744915243155,-1.42913095978378,0.35250672485863,1.53467534966316,1.7511171196558,1.9714681457426,1.93707051332064,1.49703459559882
"z_b[754]",-1.05496977036167,0.306255881853404,0.853221215276694,-3.08513012868981,-1.55430244135961,-0.701111817548662,-0.569998287342561,0.511454592223411,7.76165642462831,1.24169920515844
"z_b[755]",-0.9926090052439,0.0654795307521529,0.268460462499505,-1.41304124500584,-1.18500120109662,-0.995431167157987,-0.828585447889524,-0.394591976903895,16.8092970183254,1.0352611823019
"z_b[756]",-0.565873562838703,0.300507219240662,0.679362551000041,-1.79136459541191,-1.02757281681483,-0.576013724007159,-0.149913465817427,0.757803985667987,5.11085296720556,1.30896335529803
"z_b[757]",0.0055680890791944,0.112402025243277,0.433306847228343,-0.879186759372946,-0.154927155367075,-0.0346848290309355,0.092038122901822,1.13973395244292,14.8608219594105,1.04582760132011
"z_b[758]",0.65563171014984,0.581031389331324,0.787480786143665,-1.24386130687224,0.159657738878446,1.09739623139777,1.22876668941397,1.35405391728028,1.83687981621369,1.64125205954319
"z_b[759]",0.2863441296314,0.172821821279721,0.661810338733094,-0.85200899037189,-0.237315303141412,0.280387802863025,0.68648772987098,1.80174493346998,14.6645904809259,1.12762207275727
"z_b[760]",0.555449727618195,0.540682227161634,0.754020806147262,-1.0738742802472,0.00864331702100926,0.774119679841411,1.14591537287818,1.55197589853639,1.9448337005009,1.57573422346806
"z_b[761]",-0.318133616868622,0.628794168089705,0.851599042079375,-1.50871921941718,-0.98975823077437,-0.439087739411192,0.130860552821789,1.74750355469149,1.83422799815332,1.58707928845306
"z_b[762]",-0.713882219477319,0.22614629818262,0.495084024157715,-1.48231662965172,-1.06734834586443,-0.852634021493288,-0.377336907821975,0.470659397301334,4.79268469727464,1.72764476213293
"z_b[763]",-0.326624736014498,0.672073762923376,0.842044199630824,-1.2846567518815,-0.977582451213026,-0.709533201736849,0.322621060354779,1.51349180210454,1.56976952852587,1.74024626702014
"z_b[764]",-0.401035634826927,1.18462619770514,1.22831863696506,-1.81441716398393,-1.6251888348289,-0.734469197231847,0.781704368976661,1.60620939583399,1.0751261302336,3.677368238679
"z_b[765]",0.492631336356844,0.122078844943927,0.68130739627483,-0.745300813893889,-0.00592253267627994,0.458508898947896,1.00307768252029,1.77614848992244,31.1462226810928,1.03701181077283
"z_b[766]",0.0924173717440115,0.0998901816541091,0.603048724386157,-1.01920865166487,-0.29114968628228,0.00229170039734927,0.42441346026449,1.6275707647342,36.4467829516409,1.01563231415572
"z_b[767]",-0.448192071378068,1.016778895018,1.17566386701094,-1.76138441121137,-1.44522375711365,-1.04668758879321,0.613302550400185,1.9194211642171,1.33694424234596,1.97749051485904
"z_b[768]",0.201222188407734,0.749265456157595,0.923626150125211,-1.31167272498985,-0.609597753077711,0.134648042590911,0.994637745192281,1.81371821711228,1.51957108030875,1.89325137428125
"z_b[769]",0.614262442603837,0.622542743976908,0.80929392121041,-1.0512853517529,0.0995231140328183,0.679827721248342,1.29999972069202,1.8215564929698,1.68995136193087,1.83534161484406
"z_b[770]",-0.328633432318986,0.6843414482143,1.23273352311096,-2.76943467708136,-1.27231733220323,-0.399342091212733,0.792183201709354,1.71479280841961,3.24483579166064,1.85221094157286
"z_b[771]",0.0272131998889664,0.824608553870516,1.00011775803528,-1.87709585980795,-0.760718851199688,0.0374922667086267,0.625262747917404,2.09261810392953,1.47097945232831,2.07412953296707
"z_b[772]",-0.685657454898474,0.41770958240858,0.701237025919243,-1.70558153566274,-1.21446456215997,-0.800420138434816,-0.277210054484264,1.11373707093587,2.81825834600263,1.59474542833329
"z_b[773]",-0.535508597027922,0.18675727226165,0.416676549542928,-1.1614670919039,-0.822037013854193,-0.610960594128297,-0.345053313279173,0.541085439942499,4.97786453913741,1.30695645115576
"z_b[774]",-1.1355392105033,0.659369253350503,0.795478602252928,-2.23390300626215,-1.78096084680552,-1.4188649953702,-0.413729883822891,0.428044035441838,1.45545780711575,2.06493676661623
"z_b[775]",0.262787916488769,0.263125585479024,0.64193123334081,-0.565719197785444,-0.175561659169609,0.0126253600610087,0.69010075481718,1.77069257772927,5.95183461381945,1.28582858285505
"z_b[776]",-0.099504083518626,0.284767829453244,0.758083955399492,-1.71792811535547,-0.502243466058265,0.0504141507566214,0.22237336744522,1.53871296166257,7.08684215896164,1.56578824298217
"z_b[777]",-0.0533916517677789,0.275296780475464,0.783447044674099,-1.91744579114245,-0.422273173490797,0.00130247586583815,0.424173469089453,1.28251974508321,8.09873201239909,1.20415496207197
"z_b[778]",0.548364785190688,0.215633438965395,0.740418069117284,-1.49940212822831,0.31615342611575,0.68382044278697,1.02263229376854,1.68954192689235,11.7902170184225,1.2230831356693
"z_b[779]",0.191121264409781,0.197943376563197,0.831333167851974,-1.10693301582046,-0.201163866461603,-0.0326891305824751,0.304012195287786,2.53987431103868,17.6387687845659,1.11941492799695
"z_b[780]",-0.160017102205488,0.391251765357565,0.958309792772069,-2.36368460407944,-0.711802430137505,-0.102877708670308,0.41894843361142,1.69908643834594,5.99928138275953,1.19054874868678
"z_b[781]",-0.882914472640954,0.45964449482914,0.920241554949608,-2.28361059055561,-1.38729385054918,-1.25083461917888,-0.448882655962564,1.34394006067751,4.00829387776955,1.46511654357699
"z_b[782]",0.510218686412507,0.621174033188871,0.747675702184182,-1.14869741512514,-0.0616361287055634,0.927007062366667,1.09295878310251,1.26612663288355,1.4487716837334,1.73444629175887
"z_b[783]",0.173097399011701,0.0759797725026758,0.515145963693404,-0.972981212357692,0.0047002830491256,0.141541386013695,0.376954935529648,1.45636006880023,45.9689543473499,1.04495431282131
"z_b[784]",-0.958519165467675,1.11651813878632,1.28768426582401,-2.63830599744347,-2.08724003563243,-1.29866893088351,0.178876468115503,1.69833192373956,1.33010893945417,2.02639728805796
"z_b[785]",-0.864503409776654,0.723199208638031,1.0869922360284,-1.93509480927477,-1.61592468296221,-1.33926738857282,-0.419709682273873,1.84200361668326,2.25910803229019,1.49663256006239
"z_b[786]",0.364590697078508,0.628366973415026,0.911464057765427,-1.77142059268786,-0.290030747163238,0.823634151192805,0.987631830280633,1.45657735690048,2.10403225695649,1.46760121362157
"z_b[787]",0.0953634876691503,0.71608772736602,1.01155566222305,-1.8574921814373,-0.619666672548892,-0.0320638808210083,1.03450033155871,1.63618678908797,1.99547876007552,1.77355698846199
"z_b[788]",0.215703746320878,0.254984656137564,0.577868675416824,-1.40364765972669,-0.031460871613738,0.460697129677674,0.545598982499494,0.98378222246803,5.13606145942706,1.25055668612629
"z_b[789]",0.778521374155466,0.401575476800313,0.687829658396087,-0.9150382466203,0.538498044837686,0.920688209472045,1.23526910629569,1.6826996693282,2.93377922544172,2.15745311854589
"z_b[790]",0.249131340547018,0.120904669750924,0.480031444637224,-0.571069185946755,-0.125821854079936,0.329254020069542,0.558683410927471,1.09809660022761,15.763520780792,1.2170416513802
"z_b[791]",-0.97895067939053,0.606961740969808,0.746635444145235,-2.0459011965367,-1.6345131167518,-1.11525389783818,-0.408820992753835,0.620654039168977,1.51319386602052,1.79073075081914
"z_b[792]",-1.02752396943289,0.331852965815648,0.868388359818134,-2.70282080221962,-1.7074640214316,-0.836671328122203,-0.347840839917624,0.350634221364138,6.847571569026,1.36510078424693
"z_b[793]",-0.13802652837244,0.621953303200872,0.930295065417075,-1.50089662492998,-0.849147106265672,-0.166492628264076,0.389154968049984,2.00108697507769,2.23730852385529,1.67087363250696
"z_b[794]",0.649892095156491,0.951474841239718,1.18646392420397,-1.79105368015321,-0.269413827356629,1.10430947025927,1.66529696192337,1.91270250670292,1.55494293921977,1.71360781638788
"z_b[795]",0.739291097683943,0.246804999128648,0.831733423970608,-0.897739571343898,0.140533032139329,0.810243531406216,1.29525642975728,2.19815863143481,11.3569157547659,1.18632594987731
"z_b[796]",0.0333298663270573,0.110108764695762,0.500314940804682,-0.991048082584107,-0.069183359797642,0.0529146983663922,0.119199967838743,1.30242507602578,20.6463442325887,1.2042419481051
"z_b[797]",0.105168750247431,0.150716892160722,0.506297064307914,-0.692961906530352,-0.244718996340225,0.0235441645139476,0.377246083712293,1.36149134742107,11.2846204881373,1.18472221997734
"z_b[798]",0.0929748431563353,0.159602937586227,0.779444503147557,-1.50474351345318,-0.057503960865296,0.0204823457612359,0.20356605505896,2.02224998353768,23.8500138841455,1.04587149976292
"z_b[799]",0.828574507049747,0.303896696655129,0.855825737827354,-1.51293333845592,0.500124372703698,1.16028336280762,1.24088444140586,2.08131695900989,7.9308315876367,1.14516747280052
"z_b[800]",1.72367779776735,0.861264615082742,1.02761336767454,-0.631381211935639,1.02614219006432,2.47904848653962,2.55108024305145,2.62780417575077,1.42359443276498,1.92088422278727
"z_u[1]",0.212470299095895,0.268361431788665,0.300004636843257,-0.146783698504547,-0.0516293047875234,0.0700578012105443,0.475115338319222,0.803833184032378,1.24972867198989,2.26080590385707
"z_u[2]",-1.63285814923487,0.0714642452120347,0.106434748387795,-1.76434982041175,-1.72801150023848,-1.65149113187196,-1.57887445303727,-1.40879271782964,2.2181415309202,2.8180590535976
"z_u[3]",0.146421497827232,0.390538507559961,0.41359803983435,-0.487733943149607,-0.186054585951209,-0.00170023555490015,0.513203435678131,0.86064785617489,1.12157732131633,3.20674145648634
"z_u[4]",-0.245197950383584,0.424077020863317,0.493563151920096,-0.754081230608758,-0.655025167365662,-0.534097086080619,0.207472095670952,0.685354328316252,1.35455292166559,5.84927649584533
"z_u[5]",1.89760462496029,0.597637896606388,0.642396125278005,0.823584091101759,1.29712337947842,2.01469736934803,2.48138656440223,2.86465717800136,1.1553925646091,2.74958638588141
"z_u[6]",-1.7448836784399,0.535543691058375,0.540799344605955,-2.33847022473392,-2.28130999345107,-1.8798865210883,-1.19820247208741,-1.04122386681762,1.01972366506256,7.42182223006569
"z_u[7]",-0.765803964402091,0.0581167424972182,0.0852136889863205,-0.844554339368604,-0.82796616938284,-0.803906437891864,-0.724470284723297,-0.547446430805719,2.14988983450804,1.5760684138054
"z_u[8]",-0.710064737567857,1.47853899158601,1.48041445051699,-2.23697068315109,-2.19856608491989,-0.801529733299537,0.777613810729989,0.936111340555472,1.00253851729106,21.8938326264767
"z_u[9]",1.71705367721655,0.455653484234624,0.502464644649303,0.804151756333194,1.27197756239872,1.82427259650967,2.1521281591481,2.38993645272483,1.21602254273693,2.91541692598137
"z_u[10]",0.168525091374343,0.384815329920863,0.444963782799415,-0.322281322064197,-0.213924198638156,-0.061604819427675,0.525441255682428,1.05908876823665,1.33704060840033,3.72395453901595
"z_u[11]",-1.55665689466037,0.047240992787496,0.087188810733303,-1.79878074680146,-1.5964390749398,-1.52078533280774,-1.50548752851966,-1.42854778711656,3.40630456009075,1.29498065409428
"z_u[12]",-0.82267504423775,0.565097286069233,0.576598946443617,-1.44721854792051,-1.39343491856897,-0.964395196355144,-0.273019661957574,0.0841435080781188,1.04112109437543,5.10602462722426
"z_u[13]",-2.2701798916405,1.34686383030748,1.34890850663612,-3.65182010923766,-3.61218488323137,-2.40348408070153,-0.887544793625117,-0.799232333485337,1.0030385081193,22.5565833309876
"z_u[14]",-0.967836889043675,0.616929238635245,0.648961150468621,-1.65255057444142,-1.56147680061589,-1.28794274337691,-0.412907655995056,0.233399968592658,1.10653891162628,3.19202064548505
"z_u[15]",-1.95387647771417,0.117135444611748,0.138717813544577,-2.26863520151523,-2.03673539964346,-1.86427566732772,-1.84303699646251,-1.81868846328307,1.40245136371182,2.40634209770844
"z_u[16]",-1.59053049065193,0.693046822484477,0.696706433383429,-2.32558276088993,-2.27873220632368,-1.711786966357,-0.903537250289649,-0.746081659130266,1.01058881739953,11.0665723547014
"z_u[17]",1.2122713305791,0.28772853197318,0.404562100495884,0.437913874237825,0.90095330372449,1.25968932539345,1.50648868649055,1.95538221449877,1.97699026692856,1.48227192909804
"z_u[18]",1.50230209112856,0.348963385341466,0.391444549915082,0.724846079296076,1.18383287738374,1.64237185200493,1.82836511568528,2.04821325267287,1.2582900972173,2.14413614892632
"z_u[19]",0.444671998513458,0.398517781923514,0.577698323562131,-0.598432906766024,0.026421922658609,0.419143063422295,0.854139546594642,1.44331289859962,2.10139069860414,2.66228712784846
"z_u[20]",-0.236858444659488,0.164652512653112,0.302362126759675,-0.860569407399234,-0.363020084291969,-0.171537030412929,-0.0266084606545549,0.233641115810624,3.37223675587652,2.47455441015914
"z_u[21]",-1.4835616108652,0.790700289557363,0.795748448951542,-2.31404571893805,-2.28041101266714,-1.59194950429311,-0.653806004973094,-0.512302968431885,1.01280959229502,14.6800891198239
"z_u[22]",0.0861935105278236,0.121745940153804,0.231444209931594,-0.433626722202421,-0.0582984931121393,0.1379082580835,0.270575541348696,0.402080194912095,3.61396269600881,1.31369633043237
"z_u[23]",2.49100667567751,0.61000924476016,0.640974048667247,1.34462597946642,1.9148770312615,2.65887753402901,3.10118408463978,3.35382803040106,1.10409910849274,3.06095882725143
"z_u[24]",-0.623612296743296,0.138169361570242,0.318240204146104,-1.43401781971499,-0.679166429857619,-0.553993838787316,-0.512437112148811,-0.0235359550847488,5.30501464298578,2.00064459204707
"z_u[25]",1.38180007990212,0.234821640422084,0.414489135016856,0.66497442065657,1.08106772181217,1.27945504998507,1.7018018094781,2.24446141973494,3.11566005619032,1.81678175857937
"z_u[26]",-0.892356017781629,0.200617062475145,0.226116452418883,-1.17074266668181,-1.07310922056105,-1.01493056744833,-0.677338012025226,-0.469852139036895,1.27036521154467,3.71979918890729
"z_u[27]",0.367537545773749,0.076671620161081,0.210258105720046,-0.158614922470244,0.219816648175488,0.435872971571504,0.523735393735128,0.643697007749056,7.52031814687465,1.48639749736602
"z_u[28]",-0.561682386415112,0.398008320010575,0.464651667450209,-1.01485315218302,-0.940293519033629,-0.851186969324906,-0.19752750289189,0.371575352150825,1.36292104816771,2.81723265393842
"z_u[29]",-1.37495016887276,0.721491810378315,0.722886323453139,-2.12701195317305,-2.09596642007067,-1.46865140574476,-0.637680818790729,-0.571967057571031,1.00386937377645,18.1604886672974
"z_u[30]",0.924794084437206,0.639391074198748,0.665840497941578,-0.185244178369153,0.304193572226756,1.35543675850557,1.54693612165741,1.68772030413065,1.08444435954586,3.47534778792854
"z_u[31]",1.33356044086754,0.0949112537382635,0.256879937564215,0.873323066894981,1.19046141959424,1.31172098345729,1.38919797012636,1.96732107143809,7.32529220682943,1.71991593737048
"z_u[32]",-0.87692981942035,0.127102583801691,0.222900364317732,-1.28862716780872,-1.0159654612565,-0.982812730724924,-0.652477164817486,-0.424674555418375,3.0754792289126,2.14430844827492
"z_u[33]",-1.82221566796569,0.0812675425379866,0.160372963135162,-2.10123088743494,-1.91234477115387,-1.87645707390687,-1.67362893164316,-1.48918665606048,3.89428787597021,1.74006885741414
"z_u[34]",1.48539461287588,0.415761707490987,0.516493588185291,0.435441957689116,1.11038771521162,1.53273277813822,1.90631052630732,2.32870981330165,1.54326637631969,2.42119216951444
"z_u[35]",-1.67560432675636,0.624924199470005,0.629440063890728,-2.34065542473586,-2.30034387880234,-1.82454157822897,-1.02099486971168,-0.915714120022094,1.01450473778614,9.91028601437284
"z_u[36]",0.231481580078941,0.483684709567458,0.513622822385225,-0.653331268021363,-0.247090927269003,0.444101319607838,0.679205982145806,0.933078415269871,1.12762295689599,3.99317466859319
"z_u[37]",-0.0145456623912418,0.44350303048966,0.469084064568692,-0.790713018197181,-0.466557145477672,0.235606518556009,0.414678444140171,0.485471133727466,1.11868592964208,3.13084310054784
"z_u[38]",0.397020743691958,0.381180264714178,0.469582596931948,-0.713574038620822,0.0795250842729768,0.613133129476712,0.790181141840188,0.8603929411619,1.51762045646795,2.63830175984222
"z_u[39]",1.40710220089257,0.345968007540188,0.398872036776975,0.613546105166795,1.06173329602069,1.55478203391528,1.76983100987532,1.84603480518757,1.32921520572071,2.14958623032777
"z_u[40]",-1.3630928907311,0.679161544724657,0.684702220732061,-2.37343025448226,-2.01127827384169,-1.27806593288355,-0.688786576880609,-0.648383983065363,1.01638277896789,8.76338647541946
"U[1]",0.524548681091149,0.132981580482976,0.13352571970731,0.385706997521303,0.391793185167493,0.510424407981343,0.661279348397785,0.687455883679835,1.0082004212526,11.4017761349911
"U[2]",0.652825700046354,0.212412840236323,0.282211275221908,0.0381058273766308,0.471824075104238,0.826440157501261,0.852582595614699,0.873940864005216,1.76517265197901,1.75790755134319
"U[3]",0.802901979042018,0.146198241628418,0.164070396594989,0.499966757230615,0.672779974297209,0.839292273178137,0.956810166542739,0.978381832116827,1.25943615698639,4.05340511493909
"U[4]",0.191171080800112,0.0308885340364069,0.0345073503951443,0.150151221850587,0.160780320873832,0.175529490143695,0.220969516438333,0.256496593698981,1.2480403685707,2.73256911660771
"U[5]",0.91354550910244,0.0694927795472676,0.0864551154531708,0.725216820053892,0.837534472252753,0.954287179040486,0.982057924721802,0.990072241623144,1.54775431913638,2.62680479349572
"U[6]",0.510976135730082,0.0842005935336582,0.085802872127995,0.421265213053006,0.427498663818249,0.484973479683121,0.601718965773932,0.635935993062175,1.03842072006297,5.39367832718704
"U[7]",0.265257366800788,0.157993631206649,0.222760546625877,0.0504903611380017,0.117368702342042,0.131736133071446,0.419590825212991,0.798281658800927,1.98791306699262,1.92671439408168
"U[8]",0.509107480529271,0.0879179660443965,0.26775275179725,0.0662817869240996,0.314331542137113,0.463440815996774,0.69751648602424,0.984658043345679,9.2749723021244,1.11461170217017
"U[9]",0.707343445323432,0.0714010792250733,0.183166976324767,0.198760855086022,0.657893297479793,0.760609018484624,0.834765859102306,0.932605795689469,6.58089255407225,1.20917153229895
"U[10]",0.363956617382128,0.0596423964497119,0.0603213992105984,0.293888081726846,0.304741296942829,0.357851983180867,0.423465575337993,0.446167309047276,1.02289873905786,8.28743738007249
"U[11]",0.613923888924729,0.0459467091573922,0.0480921591683168,0.563131787024151,0.568881876643034,0.594686284762227,0.651313491177119,0.693769990690546,1.09556898451159,5.7759953536548
"U[12]",0.425923895513728,0.0195483769621412,0.0216478708797692,0.401178636749635,0.406602349621445,0.414922624404354,0.446334159499378,0.464880849604267,1.22633455967642,2.87888649370747
"U[13]",0.373180562572884,0.0126089315665423,0.0155627096052234,0.355210240548866,0.360815027527757,0.365272068423987,0.38616422281742,0.403929817013141,1.52339965247728,3.0379176908193
"U[14]",0.343791574840979,0.0985906100300929,0.257784016480341,0.0430001668937751,0.182333657417462,0.237425008821377,0.466840796937328,0.964024928032379,6.8366109217183,1.18935126873522
"U[15]",0.168166561360645,0.0431810224058619,0.0452091960069039,0.116289393778761,0.124071345666763,0.155286196586432,0.208530843272073,0.246737820390339,1.09614428867167,4.72019534219311
"U[16]",0.140269931085336,0.0354396330258094,0.0367231252495831,0.095894410832318,0.103480287904989,0.135359789339106,0.179695109819585,0.194431901717339,1.07374421115912,4.91671125326035
"U[17]",0.425394876910071,0.0529856349050515,0.205374989290446,0.0767881498635905,0.27174787495055,0.421907084782733,0.501633422770922,0.886192222474766,15.0237663993853,1.16787428490178
"U[18]",0.606598782074232,0.309842417140603,0.315845053297108,0.129318041008601,0.301246196678098,0.675592053355415,0.905184411718367,0.957505781572315,1.03912170140658,6.41226446235499
"U[19]",0.664488400220185,0.0352229120964653,0.0567362337350928,0.620624269716166,0.628384287779376,0.633173800607048,0.677058879382551,0.793024680290902,2.5946004453271,2.52885827607837
"U[20]",0.845715360453373,0.0836011780311071,0.0837121683102446,0.756716171961151,0.76230754991113,0.84301522913199,0.930253009479688,0.938532776810513,1.002656994985,19.4919874364928
"U[21]",0.998453420229333,0.000382014165517135,0.000497204142782968,0.997360325155708,0.998069868650713,0.998715022320115,0.998846823846825,0.998945813714605,1.6939888307789,1.91003493363221
"U[22]",0.684205269904663,0.0428951356220235,0.0434065061782295,0.626753481070406,0.64007014486648,0.696522438691835,0.72732899747549,0.730076005978068,1.02398494272696,7.3068362233602
"U[23]",0.42962708965256,0.0208614423564684,0.031106476812688,0.357685798896599,0.40758916531723,0.446584932187784,0.451022592914481,0.463488936696033,2.22337636737999,1.41072806294554
"U[24]",0.324489268959694,0.0285230311174002,0.104623244739046,0.115456695989337,0.268333794859348,0.314519967986106,0.3845096360306,0.604436676184799,13.4544211670288,1.08028603755356
"U[25]",0.554963718802045,0.31313469012543,0.324999309415064,0.0980483146046381,0.252064103882596,0.54744266763763,0.891593776346052,0.980816983134434,1.07721529334198,4.22371797625249
"U[26]",0.5169170662851,0.0642040435473391,0.0647922910396256,0.433226545869823,0.449679470391619,0.527778351845195,0.580674292915157,0.585721142670476,1.01840825802915,12.6650944782127
"U[27]",0.467516234318424,0.0698448615204517,0.223964698107837,0.0960396773529325,0.382219512364515,0.403642683349013,0.518411672101342,0.968746478901561,10.2822987247682,1.07047218538117
"U[28]",0.669659595475627,0.104186119946917,0.281859459292809,0.111103970095232,0.443687939909651,0.749969577006352,0.925945480424718,0.986518464441791,7.31889471745987,1.56083679063824
"U[29]",0.443426626644602,0.127946815465957,0.128019101783715,0.30585817840931,0.315185603078586,0.449860505990404,0.571257577894164,0.574624748446988,1.001130262404,33.3140623882146
"U[30]",0.515017664259753,0.0420310350851281,0.0428346144327943,0.468913980506943,0.473212455843308,0.502473266984252,0.55937627422013,0.576718916211995,1.03860295364932,5.37907793390609
"U[31]",0.170754631484605,0.00792023875304573,0.0164269074960355,0.136924432589677,0.159220090845605,0.174202832173967,0.182477571207092,0.19785834971154,4.30165004607988,2.00160957896713
"U[32]",0.635843391787913,0.0266076114478523,0.0296490356474142,0.587408986989907,0.603106190473795,0.657288913343718,0.661888406120614,0.665560505125481,1.24167908161177,3.13527917923154
"U[33]",0.121346067553502,0.00985417565914315,0.0168087632556824,0.0836750288055284,0.108670845528589,0.125481255694245,0.13360181261069,0.147189667891705,2.90958414440443,1.54571674640213
"U[34]",0.320880418956295,0.0369668258725456,0.0373761426465761,0.272246449118548,0.281143536528368,0.32771097190574,0.357755723791402,0.362681872119713,1.02226768748108,8.29751763157165
"U[35]",0.433859992178288,0.251963016958455,0.28054022134863,0.150009405553799,0.184937083170239,0.251766495640547,0.730059377082382,0.909825718472964,1.2397001989207,2.3579398498545
"U[36]",0.596127086521464,0.163670618832124,0.22479447694574,0.09428809032776,0.424940156332471,0.702392600837149,0.768265079664106,0.829834444101134,1.88638278511364,2.17735218589941
"U[37]",0.711782795078132,0.0611033729955567,0.0615169617036827,0.63069675605106,0.65295247308849,0.719381185211093,0.772763982995268,0.776160588968279,1.01358315952122,10.2261611314821
"U[38]",0.467939075864231,0.286299635533222,0.334721459240081,0.0160735503058948,0.107354540912745,0.50852163905976,0.79236630152126,0.967054659596111,1.36686468206734,2.09480403882499
"U[39]",0.5579432199925,0.0755696958799997,0.0763696890978799,0.446324055877055,0.487476263496297,0.569334239846576,0.633930661886978,0.636912278842743,1.02128439550651,7.48196621262611
"U[40]",0.304013866264483,0.0316691601679795,0.032254748276981,0.252433173113734,0.273869636712875,0.311076881301714,0.33533423278518,0.340687027118528,1.03732350982405,5.19163872738937
"U[41]",0.667091136432662,0.0725315657641648,0.232811106977508,0.215157204396475,0.469560315768526,0.709722934305776,0.879215951999914,0.972304631440926,10.3027529507389,1.34137037172662
"U[42]",0.530140877829074,0.0118235723867578,0.0195446289259803,0.484056261082827,0.516901437958258,0.538274789310263,0.543818354296498,0.551815959207391,2.73248275365835,2.1951342278265
"U[43]",0.606627603240038,0.150935709050906,0.274042297726415,0.0474859738754104,0.464894732772364,0.686578133176894,0.826089398744007,0.924892584997886,3.29648574383843,1.38819393950629
"U[44]",0.50375674542809,0.060093855571465,0.167471929727807,0.0984406478068002,0.426812158841603,0.521748914397713,0.621002146410152,0.755079796197556,7.7664743351297,1.40601487376577
"U[45]",0.570887911813793,0.13394226481072,0.272335330880117,0.039573996844603,0.41085598724581,0.689242346395174,0.745354567187238,0.953689023254128,4.13402119081901,2.73247979825038
"U[46]",0.294457230453205,0.0401872188401636,0.174204183759024,0.0188650503620668,0.18744466088379,0.277231983619441,0.384078227695043,0.753594433922053,18.7906264176141,1.03125339755349
"U[47]",0.393084302168022,0.318502320773392,0.374490391816811,0.0133480679932617,0.0630103319593473,0.193518868652606,0.795333881828378,0.983827082109872,1.38247140420335,2.16090034629086
"U[48]",0.650194308272417,0.0535675306034993,0.17701754914208,0.293414105733552,0.51492206252688,0.638774960698238,0.801398589028335,0.913990750891843,10.9201698727585,1.34953006266433
"U[49]",0.286994457934249,0.189795206405933,0.221367859273345,0.0392880184878804,0.0833994535408338,0.207148721385513,0.484456137153385,0.814143889169146,1.36037502990018,3.02755549990568
"U[50]",0.502831945842513,0.124957696371274,0.275305823133743,0.0242912656309076,0.288584002200347,0.495401896353969,0.751415431929761,0.94031097547758,4.85405591099599,1.53052149842632
"U[51]",0.324752982838033,0.0370033886068255,0.0401646561128706,0.282946925792858,0.288224632895692,0.299504528060251,0.362768646483418,0.395608480670239,1.17816227524535,2.82401643349517
"U[52]",0.379515619061562,0.0581580640991606,0.192032553802711,0.0560766260842424,0.294609169754934,0.36196326319236,0.443264438160912,0.883544349757944,10.9025937935334,1.02809204664828
"U[53]",0.662980108268965,0.108845482793045,0.239449465727973,0.0617900606291508,0.563808639639986,0.752143489307707,0.82346038589849,0.954755293794412,4.83957165698749,1.62076605398395
"U[54]",0.428803533742156,0.263844696851995,0.306707480458257,0.0315294944523867,0.0964308798238098,0.470128836746705,0.700860175529535,0.905493380951782,1.35130068751858,2.09949466972687
"U[55]",0.908940966225149,0.0219554240784209,0.0220983464247425,0.881238596244283,0.887240534213057,0.912138571317485,0.931002189187503,0.933841478497109,1.01306169571139,9.35784520321286
"U[56]",0.0348253558152518,0.01301939610618,0.0144284854672584,0.00472931909507691,0.0241304811986889,0.0363677572372554,0.0464455106979263,0.0588924680596251,1.22817375341539,2.46489641782776
"U[57]",0.486025313922746,0.0439732675460177,0.0489365890027582,0.43922520537599,0.444052358331319,0.456249626262206,0.5276730397468,0.585940148946308,1.23848261051756,2.69526158585558
"U[58]",0.421072405973326,0.0487794379116919,0.110081631509741,0.227573936361626,0.315316515090197,0.429912161572029,0.521644754851345,0.584128632140693,5.09279426178501,1.90876127716946
"U[59]",0.501034896620393,0.12638744528191,0.259315353475486,0.0806968431043249,0.279526851124263,0.474169722276449,0.730301324055975,0.955423587899556,4.20967522542525,1.36542489061691
"U[60]",0.493398661033287,0.106653654728882,0.154172079546547,0.14319411262676,0.368420452955987,0.572665376106025,0.600276947175881,0.681575353429867,2.08958468505299,1.89130440474006
"U[61]",0.0131550262432553,0.00349896036905286,0.0098216858955131,0.000968648026808882,0.00573581246923438,0.0103099899651854,0.0191135240834863,0.0361893348729847,7.87941609040673,1.32302029948877
"U[62]",0.171200618042143,0.0296967034762237,0.0304088664185303,0.134927236940447,0.141431874355767,0.16305730411172,0.199991049030595,0.218971747790327,1.04853752256638,5.08904571224394
"U[63]",0.104366705041251,0.00814013768994554,0.0150790360307671,0.0738797555118009,0.0921088625303072,0.107330848888356,0.116514398780388,0.127988163692221,3.43149725525429,2.09756066920496
"U[64]",0.558773784422381,0.160414713277485,0.233989188491372,0.0447402135933865,0.40510781792179,0.655896599473749,0.727470642595718,0.81605529261034,2.12766467760079,1.8753761351718
"U[65]",0.317278094426441,0.203339683315693,0.296349555086763,0.0110664364611078,0.0673135153183833,0.173217243976345,0.613930555884574,0.875427198425714,2.12404773870983,2.21538055845098
"U[66]",0.0171420150558399,0.00409048492786507,0.0102642326383079,0.00132287136875426,0.00901269900530669,0.0172997541417142,0.0242170892656367,0.0396671348116569,6.29656049064596,1.6418051799716
"U[67]",0.608014147756223,0.0714867762646745,0.226495118535852,0.078737261944145,0.49964018432486,0.681598935877969,0.741036144688309,0.951259133307718,10.0384409209737,1.18759068318785
"U[68]",0.434415691052003,0.00947581552870353,0.0145824928514002,0.419366005834653,0.424266526783825,0.428679208610458,0.438549197854733,0.470691313230546,2.36826528779251,2.82002067011579
"U[69]",0.478064291970252,0.0685036420163722,0.244760642204359,0.117815773184406,0.275747831237516,0.431368982517376,0.681555904724736,0.918607618347425,12.7660295408003,1.22536860363382
"U[70]",0.561829758361203,0.0121338475421232,0.0150025379448133,0.527909099148121,0.550095164924964,0.566874152509708,0.574130697367931,0.582355284063586,1.52873567317092,2.24910284930897
"U[71]",0.479870140983806,0.0829165421754136,0.258511147377428,0.0438391376720634,0.267520919654505,0.482197115194021,0.66524073890231,0.985734895240482,9.72022202934277,1.50339827075416
"U[72]",0.462526160296855,0.0459799595000408,0.126255702852236,0.210487052206884,0.422189270360338,0.475437197233494,0.521510476626535,0.746751768632675,7.53988703225919,1.35671857531942
"U[73]",0.883161264295916,0.0391834844731565,0.0393131965810668,0.838938411752402,0.844200205693682,0.882881882945804,0.92235659981451,0.927589742703423,1.00663171270499,17.6869089747264
"U[74]",0.56738889399403,0.0635355692347736,0.254826816459036,0.0671187439454084,0.376288498771231,0.586851052845351,0.777030247505406,0.961549098978606,16.086309000344,1.22160583290678
"U[75]",0.448264441464596,0.0253896087395234,0.0266595725666769,0.416135951677897,0.422106239287739,0.440710164429644,0.47085731652361,0.500265570991581,1.1025399820488,4.14182297617469
"U[76]",0.389015544363742,0.0999228770637251,0.137591460201964,0.0647274039947424,0.309229175780209,0.453822782812848,0.486531266719855,0.537024005185727,1.89606446546056,1.53435015086156
"U[77]",0.281519894083426,0.113130227594556,0.257751959188195,0.0616589543244656,0.1298566285504,0.147994035601606,0.362263634127886,0.880913368502212,5.19094740329724,1.39138936910388
"U[78]",0.420960748104412,0.289888932450097,0.298684540034433,0.101133819745683,0.139305750089814,0.225400245880065,0.723912937525577,0.857670053872314,1.06160319816924,4.01371684506498
"U[79]",0.288112534409892,0.206777231108554,0.271030432774815,0.0493275929671879,0.083507999391245,0.119204892438112,0.490977481438943,0.894194089854311,1.71802977424776,1.66606495774931
"U[80]",0.567050002400855,0.0191247141193345,0.023509058434416,0.541075637571711,0.548342599201339,0.556679839552092,0.580894913013287,0.613234591268288,1.51105602569788,4.32649342659034
"U[81]",0.532714571088263,0.0413545219428506,0.201544390781718,0.147071963280183,0.452185790902532,0.480258783476268,0.605949856258919,0.978784341057854,23.7517395275684,1.18989095266662
"U[82]",0.511703692767345,0.0651032618620631,0.19529920864407,0.0697021986793881,0.474512091406014,0.527024935081474,0.606595883894533,0.849373831603732,8.9990252418615,1.24862523197464
"U[83]",0.411014984508921,0.135006791946457,0.156580954714368,0.168124140135321,0.282258194763057,0.417741665245583,0.519524254756431,0.699221109239926,1.34513737009286,2.29313041646497
"U[84]",0.642191870838517,0.0536683010487109,0.160789706459901,0.149522513018615,0.60169205956797,0.671092077484091,0.735879653165478,0.878046453815067,8.97595755396768,1.25828552929842
"U[85]",0.420514812046946,0.0628658108390415,0.207951051880493,0.0936510874445329,0.249340539255823,0.410418169821562,0.547082376707555,0.900894035323098,10.9419115589569,1.24369099544854
"U[86]",0.738399621982375,0.0872703816334826,0.253189734322316,0.0994418270167738,0.692384916675751,0.822864373640553,0.912788580275195,0.99417378059435,8.41702148688925,1.20458902924378
"U[87]",0.471827719185332,0.0623056344139925,0.163893912409793,0.246440442446437,0.341928119476881,0.44814363667098,0.573503405663128,0.836271607531815,6.91944083689538,1.50845759717838
"U[88]",0.529280807463318,0.114046370367054,0.256560606314553,0.0223868584974731,0.3595552977566,0.608778431556163,0.71702162488049,0.913112642805832,5.06077478257536,1.33857440227552
"U[89]",0.577804802587377,0.118970404654333,0.233105794076481,0.141739285546612,0.431330041378938,0.568948968150038,0.765055792318965,0.919382425284003,3.83908969958785,2.42989317472832
"U[90]",0.414878903107111,0.073368551474183,0.184181065341351,0.114762698559651,0.290288542649739,0.371913955332635,0.522279564322008,0.828912107286113,6.30187916751147,1.25616184761601
"U[91]",0.684940949142551,0.0626326858394918,0.210572473190272,0.134436209060636,0.566216732794984,0.703703545669601,0.836985069845668,0.985980656985897,11.3031925166717,1.16831215119727
"U[92]",0.503028362010699,0.247412694569297,0.266942141339318,0.0570004087479129,0.232359342843235,0.677345637803073,0.751743172315497,0.796224765194441,1.16410008641058,3.42658789030506
"U[93]",0.487488968803778,0.181733963728977,0.336796245285748,0.0317100766938077,0.170900641331772,0.436903157518209,0.893786580447288,0.96819453348193,3.43449022422901,2.02977810693766
"U[94]",0.266400953397656,0.0511719084580333,0.186275988843457,0.020968021437902,0.15575778084304,0.248265425185477,0.274150739825641,0.757150941083124,13.2510571318804,1.00541730892679
"U[95]",0.462767599372656,0.0879929995135032,0.164722610995149,0.217507261146194,0.356866788820781,0.419287686546927,0.522684097840197,0.838743514701649,3.50437191213499,1.70847893533004
"U[96]",0.620229584446059,0.0600278634596657,0.202532295308705,0.157481907619798,0.494296094891875,0.653935787723983,0.784175277872107,0.932940089998177,11.3836830971268,1.0409131068299
"U[97]",0.48918280911615,0.141989336306825,0.203071005818614,0.0970471734331526,0.303429618351328,0.606403208642627,0.641781518285628,0.712658257693309,2.04542886977477,1.52538617657591
"U[98]",0.511117861713343,0.0541324713713013,0.248544385630827,0.0607573387841641,0.31356958509676,0.519675793738724,0.711325542424786,0.93594491541312,21.0810483753761,1.21048853160105
"U[99]",0.441296546912221,0.0532066311910773,0.165309442640798,0.172303156493866,0.329776103226708,0.431445460125337,0.566055339915046,0.771943460145093,9.65303317736522,1.11977029235127
"U[100]",0.102020202094401,0.0530012410434572,0.0540751486526857,0.0362378678838289,0.0486074646534383,0.0978136244897783,0.152954463531679,0.182486304674112,1.04093441247902,6.45774802996543
"U[101]",0.277058323476318,0.0522405525770894,0.0524628629891493,0.211578239144556,0.225282074378021,0.281172590713376,0.329790251931411,0.336635268557122,1.00852913775313,10.4919833753877
"U[102]",0.500015851472861,0.0424199733851702,0.176674335254602,0.152796487051473,0.377864681353807,0.499724456833155,0.628369470416444,0.844328283100749,17.3462718549683,1.18289731754492
"U[103]",0.735595269139311,0.0209714595209721,0.0495580365095108,0.624427169470646,0.702687314275688,0.758576807798101,0.760130873149802,0.814148030914537,5.58432736460691,1.41497039434933
"U[104]",0.653085213833669,0.179841650246735,0.179957771426646,0.456786611725284,0.474120171657347,0.661715833410556,0.832873203901365,0.835659129998532,1.00129178828868,31.9707255356351
"U[105]",0.834376687421532,0.0617719053035233,0.0672261252719875,0.701938032191551,0.775927138754066,0.884843119301501,0.895141290434251,0.896571990892198,1.1843884590831,2.60812827990642
"U[106]",0.344772457155099,0.117227805494329,0.144732326056046,0.211155030570739,0.227687576081352,0.257414792560424,0.464036997200573,0.659273534299767,1.52429776788025,2.18263795329371
"U[107]",0.100622176435843,0.0287698254838187,0.0294400017354922,0.0576885491724165,0.0718305914518901,0.103586449614052,0.129142887989452,0.138476379302252,1.04713145958352,5.49314890558168
"U[108]",0.395915010416003,0.173427356060208,0.173499248730655,0.213036504130791,0.222420647546582,0.40170361912598,0.569531918867041,0.573458716343885,1.00082925293096,45.7560717247023
"U[109]",0.954161145837825,0.0198331945867208,0.0198856150441447,0.93076135886925,0.934229677556246,0.956301137158638,0.973976084970076,0.974763936642405,1.00529311932869,16.0654132007489
"U[110]",0.176396741218397,0.00932789442848997,0.0199929802969439,0.151625315248702,0.162821523943727,0.172442403844263,0.181948403898646,0.229779509212894,4.59396658166036,1.58990125403413
"U[111]",0.372102972400934,0.0791503587850123,0.0816777866040011,0.23841446690598,0.2992664801485,0.392695083330483,0.450992603500528,0.456184897755391,1.06488361513475,4.34405763172876
"U[112]",0.469861749193747,0.0807487465801795,0.080944189845681,0.376684435474193,0.387569556004479,0.471333016730457,0.551070068956988,0.556468330202131,1.00484663349012,15.2006566329324
"U[113]",0.678256996173573,0.122134793681681,0.123785266449321,0.509038275620126,0.553979692203624,0.701837352310495,0.800007029000018,0.802464269813528,1.02720968493952,14.3445151510566
"U[114]",0.252882328761554,0.121551781344352,0.160857095246399,0.0524904213203302,0.114132396150614,0.189212000801421,0.374294201769013,0.604769206295368,1.75128887269662,1.60680240984812
"U[115]",0.665335618145304,0.115477404002997,0.115539611180364,0.541969272994151,0.549759159027478,0.668103397479262,0.78084496389317,0.783069714634613,1.00107768153039,53.0275307253873
"U[116]",0.977240068179811,0.02157637793669,0.0220729426002105,0.9441304685095,0.955972211383105,0.985443159241492,0.99872678538963,0.998803308967604,1.04655820383652,6.24075278594735
"U[117]",0.412124550914188,0.117839799623146,0.117892573841527,0.288381471514585,0.294252061988981,0.415485134936002,0.530106189464286,0.534572537681854,1.00089589486645,40.6240914981981
"U[118]",0.799680624945654,0.146775373665803,0.146931092932541,0.633512603483831,0.6533423607374,0.811439585667745,0.946383030406878,0.947769561124905,1.00212299743381,22.1839146002584
"U[119]",0.861144974128143,0.0243340614115484,0.0576447644962905,0.680409639161937,0.857152273530759,0.885130349069609,0.886521607284263,0.923459509990345,5.61164952007227,1.37760194346354
"U[120]",0.767260114821261,0.00637888135620164,0.018188846898484,0.720256801923952,0.76507951065361,0.771981745641129,0.774343799394714,0.79659882602548,8.13057547345493,1.3366181136915
"U[121]",0.89463155106353,0.0358244309611682,0.035886194501345,0.857296579582569,0.858832448969216,0.891972039849675,0.930913542008829,0.934857475397948,1.00345109639454,22.1249417750399
"U[122]",0.421644991462234,0.00268508464153888,0.00978545596657565,0.404649431613619,0.416588633366242,0.420882964469452,0.423363174205752,0.446099936802179,13.2814708401055,1.02988227318869
"U[123]",0.498670214087754,0.0392691828232693,0.0407025389470829,0.454990348280677,0.460066176042716,0.485394407241092,0.533152297080211,0.570522777738747,1.07433388387558,4.51518972236389
"U[124]",0.670908498529901,0.0507360676017873,0.0508261173847795,0.617813134607554,0.619808491046594,0.666034253835067,0.721692821382047,0.729943444598301,1.00355288458315,16.3331857121709
"U[125]",0.83170103787841,0.0622778794472323,0.0624121128882444,0.767017278589991,0.769444440758716,0.827840532380318,0.893385667825928,0.90854045926507,1.00431543608294,17.1391178921884
"U[126]",0.0678863513815395,0.012517086185103,0.0209701497937339,0.0374343424024858,0.0508069984977412,0.0663333487455628,0.0784710124257847,0.118601944325993,2.80670378546394,1.61413251420995
"U[127]",0.3179060181087,0.0630614919969697,0.0637414381052601,0.244765981961687,0.255309442112032,0.309181581319152,0.381227186483422,0.406210103980405,1.02168079974987,6.7389970114311
"U[128]",0.676546981300914,0.0861035681482948,0.0862115682265726,0.586078666691371,0.590357084125632,0.669592512056824,0.763176006436843,0.77221529048795,1.00251018193751,25.0319015833053
"U[129]",0.520593177106605,0.0726750813405568,0.0736584458825257,0.442325387237291,0.448222924709213,0.504054847490811,0.587496469584789,0.62558081824796,1.0272450326328,8.3598572250579
"U[130]",0.0987983983527818,0.0134907753943977,0.0176797723889229,0.0743556302546444,0.0858205322897514,0.0957339258387631,0.108467908796711,0.139918183505908,1.71743186081946,2.80585884234576
"U[131]",0.846014056916453,0.016649872582644,0.0302185887917948,0.806595069046195,0.829511621801054,0.831033292269928,0.854460791999844,0.932964402864932,3.29402225664873,1.56637281655582
"U[132]",0.635619653633362,0.0806565463240688,0.0827899462378879,0.551587569855408,0.555552325350955,0.610254436347823,0.708190006816293,0.758247707216457,1.05360047458856,8.28745726396893
"U[133]",0.615301303949425,0.0426639035789428,0.0429026675755005,0.561538332965388,0.573277848381127,0.622629241803381,0.657772367956858,0.66043653667398,1.0112241068033,12.5222383168103
"U[134]",0.583299195798564,0.160441914080466,0.276943795132199,0.133328464622459,0.349073201737897,0.549357217702788,0.849701376614326,0.997929714653997,2.97952895081743,2.21481951066137
"U[135]",0.646878560508518,0.0340537754859301,0.0390185703167156,0.574682205892195,0.61297028403766,0.675798810085456,0.680063273290323,0.681601690733069,1.31284111039261,2.11848538625036
"U[136]",0.851983243634961,0.0608693807594594,0.0609911967393509,0.789788405392401,0.791122802884114,0.848320583338145,0.91171763802596,0.925396775914814,1.00400654225877,22.5749622909787
"U[137]",0.60693723885245,0.147728101756777,0.287439115709767,0.0388374967346802,0.443924051855749,0.709633567484116,0.83435207318448,0.903107037900159,3.78586829591525,3.13576173479823
"U[138]",0.108570845237196,0.0232219182535376,0.024607651334111,0.0740515380039883,0.0857800963536247,0.108946519382751,0.128814988457541,0.148935128926248,1.12290792127885,4.57429375474984
"U[139]",0.706631504275917,0.0174577796485814,0.0177037405651028,0.682667664302236,0.689256260265042,0.71249980238787,0.723736066962101,0.727551109343583,1.02837629766439,5.9079087408766
"U[140]",0.0558214891327357,0.00235786055917869,0.00979390404769857,0.0389984813436332,0.0483842957900526,0.0555057592838346,0.0624098508564467,0.0762547262080119,17.2534303063882,1.03064960739326
"U[141]",0.466017109100565,0.118409445733765,0.278389944589718,0.0434518329331923,0.199386080881659,0.477930338059228,0.730135965730009,0.935573675358399,5.5275718019974,1.31420578390726
"U[142]",0.863701726103841,0.0882598438097414,0.0905809404717491,0.73001376398,0.783301850138113,0.889525563921587,0.951520883981753,0.952452310351872,1.05328849853195,10.5047473662539
"U[143]",0.987215830273849,0.0124889640346049,0.012563226477501,0.970143116508035,0.975037587517737,0.989937513476687,0.999664546012107,0.999685301654006,1.01192784830485,8.63024895807338
"U[144]",0.489599561116551,0.00416345115463142,0.0111266276331257,0.467916402544914,0.482101086611066,0.489553630706386,0.496325961947186,0.515343055428361,7.1420051714623,1.3271581972649
"U[145]",0.420345332118042,0.0730070678033894,0.0740616829855546,0.304034372974663,0.350551922571963,0.436496213227151,0.492948437710891,0.496414631631718,1.02909943859266,6.3360088440463
"U[146]",0.676687861709944,0.297609172298895,0.352423897748744,0.06503177688028,0.279594578465005,0.94664103271343,0.966855947679436,0.977366562665638,1.40229077227006,2.15275693395652
"U[147]",0.493332772861185,0.343143000262046,0.350725751422307,0.133370431986999,0.150998110908342,0.246897177059644,0.860850729043284,0.967052451951159,1.04468418542358,4.69573149119461
"U[148]",0.740118921523935,0.00477182052625687,0.00545651585689925,0.731227357043473,0.735948074327791,0.739703828799028,0.743707634455586,0.752460924113041,1.30756305536834,2.19022271787553
"U[149]",0.471248608568352,0.0758994403283823,0.214382928658119,0.0820947509783594,0.305401353244755,0.475195953773518,0.648354433150609,0.817302228080694,7.9781693734138,1.09047181206463
"U[150]",0.427779659176779,0.00953422438986025,0.0202395103218059,0.402947074782037,0.415127178461182,0.420932388603482,0.437223446131246,0.477395636577738,4.5063950788607,1.3826058273641
"U[151]",0.705864061181836,0.0569587729570189,0.0570771793134351,0.63872944138451,0.648975643657271,0.71057064765615,0.76288243496941,0.7642863959029,1.00416193756666,15.8524880060177
"U[152]",0.444703332296965,0.141807591383384,0.142555245063041,0.26788013949432,0.302940995601132,0.470207094368775,0.586191107132298,0.588367820970668,1.01057241863552,10.0460528272261
"U[153]",0.177329744033546,0.0557614665907028,0.0560759955474667,0.114378571193755,0.118277867271855,0.174925350082899,0.233880630110518,0.242084163957455,1.01131304624507,11.9235704259201
"U[154]",0.779095977445107,0.0639488203300547,0.0659862029905251,0.68846422097487,0.702887249434059,0.80346372090384,0.84209609462848,0.844787261019193,1.0647341961701,6.47200905783457
"U[155]",0.55939363138722,0.143825131777467,0.143900137858022,0.405487840251566,0.415367998329345,0.562961987104998,0.703360440155109,0.705097386979294,1.00104328969209,37.5225336548115
"U[156]",0.531090798592959,0.056944776807236,0.22823742116546,0.077110027955919,0.348390950801729,0.548207431624059,0.70170781849634,0.936302559425507,16.0644519197112,1.12484717702297
"U[157]",0.723970440236083,0.113751383841128,0.114097622701996,0.58044779944781,0.612124401435716,0.738763286953666,0.837731815872011,0.838942501905896,1.00609690702182,12.847959534835
"U[158]",0.556932895731816,0.00858203698707603,0.0154237949010815,0.527857209263177,0.539327424173783,0.564447714550296,0.567371915184299,0.578735540312464,3.22999402690003,2.04166562918231
"U[159]",0.962866854940538,0.0268070723893006,0.0269157351219811,0.92896456002,0.935329653918845,0.966445287257818,0.989694149578576,0.990058881008452,1.0081234506946,12.6382071464286
"U[160]",0.720842165795377,0.120387209062221,0.120512855641693,0.586238164165428,0.600564474169612,0.727442488592905,0.841379158400769,0.842825320600025,1.00208846352215,25.3708057151023
"U[161]",0.785341340796516,0.103549672732616,0.280134116991596,0.0846668306049218,0.724529367646992,0.947165605000954,0.965606645872625,0.996936891754675,7.31871013055317,1.21065316813446
"U[162]",0.406193142981798,0.250109932982495,0.250761577130698,0.146433710432775,0.157140209537414,0.388801755685453,0.648504191364164,0.72126519629721,1.00521765007348,16.0180623334575
"U[163]",0.417154388046872,0.0398482884932561,0.189310217696686,0.0670000290111878,0.315187088517604,0.379857673065731,0.481048263927579,0.872585348649946,22.5698547384586,1.12147580658219
"U[164]",0.67191243907246,0.146015809971324,0.228432997134067,0.127014228720651,0.533466565991241,0.793537485960776,0.824902898423856,0.900096192862283,2.4474730146494,1.81442133817311
"U[165]",0.515958376931593,0.0634004545087984,0.22848616480012,0.141830279748818,0.304514949508528,0.538388394788179,0.701613140426298,0.960127612095096,12.9877844824017,1.2726475665635
"U[166]",0.411359378429172,0.142209307471953,0.2821567505247,0.0553326953780133,0.201296836322633,0.320764155417925,0.571496615956921,0.972306590463799,3.93663226071698,2.00004534664871
"U[167]",0.31940568816756,0.113345888857712,0.251994573845434,0.0349680369241075,0.149600521724254,0.217110319018088,0.413905057400912,0.964916752348535,4.94277490993273,1.30473744255297
"U[168]",0.387986994182693,0.0583775374297577,0.180508837179541,0.127577669704802,0.250839194573399,0.35070096643155,0.506485462401107,0.80086385426723,9.56104572414671,1.1836821495056
"U[169]",0.503712041868212,0.216816186219895,0.239860610932886,0.261788555514345,0.286915365003054,0.34304022391651,0.747598847699667,0.923917328890086,1.22386768866428,2.38669357535103
"U[170]",0.522630559488785,0.268148023686695,0.299352937069117,0.0483917297051983,0.20378441941704,0.616384360812627,0.807819319138401,0.903868153840671,1.24628637219093,3.84611990626062
"U[171]",0.480361457884381,0.0886309769547562,0.249518138630916,0.0821892736331011,0.250658499145503,0.488048415180591,0.698056407140765,0.867721537963656,7.92561863468678,1.39460454231074
"U[172]",0.567200849382247,0.046387300286677,0.161411329072686,0.262933613375753,0.440935497739554,0.571066467296797,0.69992817832373,0.832373416768841,12.1079280608055,1.16331249931667
"U[173]",0.640688834075039,0.174692825685348,0.287825404964319,0.0527375460678057,0.369717612858472,0.786474347716513,0.859985212510308,0.929858602586293,2.71461415551172,2.19370776291138
"U[174]",0.318182268004537,0.0274805415389143,0.108496478920476,0.155020795671209,0.236002086475499,0.29619068396986,0.390507367202118,0.553712858077341,15.5876524710852,1.26349788788432
"U[175]",0.695922613712816,0.224797539545604,0.317749134278792,0.0321066137955264,0.46512400833133,0.883649964787059,0.9250015518429,0.978557688880616,1.99795473597937,1.69422938686375
"U[176]",0.236138174192083,0.102845271654396,0.104001789005542,0.124488331315433,0.134004089769587,0.205233834423035,0.33721316422266,0.376313244673752,1.02261688800016,7.74470041966735
"U[177]",0.441008960217953,0.0749231659918325,0.161626829651061,0.1374085550579,0.322691098314389,0.438821670326768,0.58101548885031,0.698262255632807,4.65366017687818,1.6395726577702
"U[178]",0.421869140570905,0.184724863403683,0.268852078524146,0.035875762540826,0.113033581392216,0.461188144793784,0.65495637683679,0.86894815582048,2.11824450580648,1.88442440568815
"U[179]",0.598402468923984,0.317036348851147,0.321375684336791,0.188240726462816,0.293707343653923,0.519971444761286,0.930826417499269,0.974476598157133,1.02756171112555,7.92488142817018
"U[180]",0.584899403530707,0.0466778809027547,0.204864530866271,0.146633717109646,0.503992147125638,0.605238997123292,0.694838588057814,0.962933649575962,19.262439330926,1.04211041149648
"U[181]",0.324727207906348,0.261226126976138,0.307303899108904,0.0368084113805257,0.0700314752827403,0.109264052013717,0.63645193421523,0.897283391935599,1.38389429309767,1.9282544142304
"U[182]",0.0933540381096348,0.0129131642658955,0.0133594244256918,0.0720394646896986,0.0824640278782908,0.0929068378381651,0.105765184637631,0.111478348003724,1.07031138165787,4.72570014856142
"U[183]",0.192494697450635,0.0332806128601419,0.0357958267331758,0.138628880484723,0.16236780657334,0.178850304314309,0.221650727668167,0.259196304168488,1.15686362031088,3.05883921348187
"U[184]",0.2655712226689,0.0505161478611536,0.0519055588821663,0.209735816171897,0.215680065777092,0.25113948844309,0.316984065555898,0.344783103677713,1.05576507575431,5.38257263351554
"U[185]",0.513787681485518,0.0439632040083532,0.209186357714668,0.14469136521523,0.351334238475022,0.523454825937835,0.670341989584691,0.88742734153834,22.6406058634743,1.20424748233013
"U[186]",0.584807080180691,0.0235291609427192,0.149898486519865,0.218121298390446,0.57142622067687,0.599047285601584,0.629401686404348,0.899087555153963,40.5865012906073,1.04759980872635
"U[187]",0.798481962539696,0.137401706834736,0.148704415055906,0.500120121534768,0.70838071447802,0.818614690577104,0.937460267059455,0.968530839849509,1.17128739785829,3.92718431493191
"U[188]",0.522502336455341,0.0633329767378339,0.255501079747272,0.0932207869721483,0.319574324269687,0.520841705434464,0.732735996114239,0.941741755342952,16.2751753993205,1.05040541960669
"U[189]",0.325706028960813,0.0480852088255735,0.160565712572518,0.0566990462813728,0.235170691535085,0.279241198319003,0.418997635872116,0.68941855280295,11.1501987606972,1.1605809803988
"U[190]",0.374940761057812,0.0322628803295305,0.179087007706086,0.0778306516834849,0.261320160849668,0.318031260671085,0.450792262319912,0.815871686287196,30.8121416430279,1.09476041680215
"U[191]",0.715234062575567,0.158907957057158,0.176895497902807,0.412848694412154,0.550575224477541,0.74819548529837,0.880230204686391,0.953542155827232,1.2392024725979,2.38381656423817
"U[192]",0.359725434015333,0.049113190462554,0.0495848509432048,0.303145811633373,0.310831149137621,0.348690685839696,0.411371068249614,0.423311165392543,1.01929930763173,9.44967774488377
"U[193]",0.0388359962468355,0.0024601840506419,0.00780181490345703,0.0274391435407095,0.0331380277637364,0.0375142423256348,0.0429711414061179,0.057272949400102,10.056713728538,1.12582008276006
"U[194]",0.140594391893063,0.0788330807631807,0.194548249015241,0.00279965593944673,0.0068104911525663,0.0490556330395775,0.193501687176807,0.671321950262722,6.09028554172094,1.46226481947799
"U[195]",0.46418215380793,0.00660648983921382,0.0128467308819906,0.43490830783135,0.454467677822071,0.468788096100878,0.472931627091836,0.481449757812718,3.78132242397795,2.34816721595899
"U[196]",0.583436294263922,0.0697309842653324,0.268427340487793,0.10625021718084,0.347795550014021,0.631966089023134,0.825573225007662,0.960675280044064,14.8184202180446,1.28170067634075
"U[197]",0.648949941441285,0.0798402898846006,0.0802507500700615,0.561512899679821,0.569239163293849,0.639539357786002,0.729599944966709,0.747838999753921,1.01030846148452,10.9753693660216
"U[198]",0.416139721605995,0.129935320027568,0.24390134815319,0.0671334724809439,0.213194445685735,0.374831035270593,0.613995470497387,0.937250433994991,3.52349744479112,1.39934948083238
"U[199]",0.566692192169552,0.0421932180592124,0.199184562873522,0.16212971903255,0.416733597702651,0.594094614800041,0.720460635363012,0.891194833561141,22.2856883810879,1.04693756019423
"U[200]",0.317446859594977,0.0961965158067147,0.198854773027452,0.00553137483105582,0.127334876337506,0.349457299026942,0.469990931049608,0.659536170089675,4.27320132628088,1.33551917354261
"U[201]",0.0269173649932984,0.00232589801492005,0.00685426498725925,0.0131040809809193,0.0227019529662736,0.0272494751382876,0.0315095336233903,0.0399987714469272,8.68441251628388,1.24529205447817
"U[202]",0.0713610674138304,0.0212222541460623,0.022278110603846,0.0404616200281836,0.0500979838710694,0.069570320223276,0.0922599938193347,0.108174536935413,1.10197994110021,3.7314995491803
"U[203]",0.315194321105708,0.0649933582976153,0.0665666655315339,0.22050786168115,0.24602603994177,0.334150536972347,0.379858459261872,0.383131347532552,1.04900038887653,7.95587867782665
"U[204]",0.787183738646002,0.0664437934663523,0.0665798352665394,0.708700886149338,0.721590929440686,0.791412632123387,0.853804937940149,0.856272009793244,1.00409913594527,18.6101645882888
"U[205]",0.754670990637089,0.216442748231911,0.265380506132108,0.151823709515789,0.546332656102458,0.946032786399301,0.958247943861188,0.969671561219267,1.50332180508451,1.70464736353342
"U[206]",0.19212970806811,0.108766521333489,0.201450253442681,0.0252552018885484,0.0609963663116973,0.0974110102017079,0.230804684144725,0.699484441672244,3.43040312004382,1.57989402619349
"U[207]",0.782102108268054,0.0400989883629462,0.0406625686784361,0.723542356465309,0.74512357224057,0.791620168151492,0.822045992580277,0.825367544784558,1.02830698839374,6.66048871242791
"U[208]",0.238148628280882,0.204485211737951,0.249223570617686,0.0251876944914519,0.0370029868616866,0.0654951007148066,0.431281709565395,0.779258082673072,1.48543761326661,1.82614237941445
"U[209]",0.66017656898302,0.0492265363291403,0.159204818383715,0.242373731233798,0.611801906329551,0.673395783424915,0.718915090436566,0.9527139020926,10.4595706358953,1.41497573831594
"U[210]",0.115321910114131,0.00268616819432099,0.00800156000098042,0.0950714529794077,0.112032127694985,0.116916893335274,0.12066251211871,0.127884761092539,8.87325428326841,1.12051151028111
"U[211]",0.0696865867936481,0.0128025560231045,0.0139840315379299,0.0503460928507593,0.0567186402473459,0.0672778366140265,0.0818032177342485,0.0961317636578006,1.19308509338771,2.98971515951759
"U[212]",0.435144028765785,0.114080634299414,0.237639018405972,0.0803456700249233,0.250733004852212,0.401898878036363,0.609477860935262,0.91260146851839,4.33921975595246,1.35046988095985
"U[213]",0.592443813907063,0.0343568164573026,0.035614890214718,0.53271924824847,0.561694440028348,0.602592030110816,0.626830903145453,0.629910744059887,1.07457662763915,7.53105413910732
"U[214]",0.0278993826365665,0.0048586017609356,0.0101417388133065,0.010075470810523,0.0217311170078209,0.0262376215080465,0.0344497749671622,0.0514558651077583,4.35714724721486,1.37592119660849
"U[215]",0.548962052205621,0.0186869427393989,0.0209848640941422,0.504131309675015,0.532740674756449,0.559708435277742,0.567645578148666,0.572484746274729,1.26106017937911,2.455686246864
"U[216]",0.97245132970867,0.00841306598739504,0.00844348804869194,0.962818445937604,0.963932674122777,0.972110166207047,0.981072332240639,0.98206325813099,1.00724517439401,14.4152029551768
"U[217]",0.453218265191048,0.0465733653920436,0.116683574098195,0.268615528148645,0.340522064527943,0.470591711340013,0.548716593250875,0.646866236581173,6.27688546927045,1.61656352110851
"U[218]",0.580955099578351,0.102427801677856,0.217628082572286,0.0665827348050849,0.475142803177153,0.629019945117077,0.751391898785684,0.859704461088379,4.51433898595919,1.27122081181505
"U[219]",0.792397447395262,0.0178809189678534,0.0262764874594968,0.731893338071148,0.771643296751519,0.806613807758281,0.809825055013641,0.831383733736178,2.15950865884618,1.38714123516279
"U[220]",0.266147197041832,0.0487276563070682,0.049197628054232,0.202660720102759,0.21733081866305,0.276338756326381,0.314889457542166,0.319183724692406,1.01938275674918,8.780425279177
"U[221]",0.640069544856953,0.0362684069700128,0.0366465253738375,0.599760013382257,0.603782983789056,0.633498863419785,0.67762950747827,0.68813161258595,1.02095980956296,7.66103194265857
"U[222]",0.333860113265262,0.0330575233605664,0.0335352138035157,0.294528010890353,0.301508999421379,0.329496186403309,0.366970830613219,0.380145196558777,1.02910936901367,6.49416856197794
"U[223]",0.389075100481689,0.179473705137767,0.222928902225174,0.181767974080041,0.216982265782239,0.247243061436736,0.575558203373107,0.85792648597557,1.54287626289635,1.79840150648379
"U[224]",0.320540741097788,0.0385064983476533,0.0410789071590184,0.274580577585626,0.283224146093194,0.291452317695409,0.360037747235196,0.386761509504324,1.13807192114779,2.93401848659942
"U[225]",0.981714441837453,0.00358466360198601,0.00824089518332278,0.965156104068809,0.977629508162299,0.978819680207972,0.988561417970297,0.993968484014425,5.28508490246155,1.17012309287
"U[226]",0.567160091269079,0.050167055885413,0.159403976873733,0.287251493449245,0.441967171885027,0.569239204522679,0.686123899800055,0.869391441299273,10.0962727604751,1.23709221218227
"U[227]",0.839407730258323,0.0331609807726677,0.0403054648583082,0.803586381260134,0.806614461381455,0.813644885242909,0.873061140954396,0.919394724927689,1.47731509424498,4.72618528687572
"U[228]",0.563467896098378,0.184400688541323,0.204783974633975,0.338218020526109,0.383785615212471,0.445228334907429,0.77253962294187,0.912113879801226,1.23329468296082,2.87274507771671
"U[229]",0.27936200189141,0.0554419906792199,0.238222179559925,0.00434672196663204,0.0801090912620205,0.223357755329751,0.411814568637122,0.895125928045082,18.4623405101755,1.03949207577986
"U[230]",0.285092302759575,0.0144985498001507,0.0174223339495478,0.26091771922417,0.269971954899905,0.28243901130845,0.302335339949619,0.315748207393284,1.44398784908735,2.22482142015875
"U[231]",0.386833125657353,0.290149728440517,0.300950819098728,0.0276346555346292,0.0816749247813,0.427209502827734,0.693763008167646,0.84067994761261,1.07583760968654,6.17569173143351
"U[232]",0.653515590734259,0.0460032367329518,0.216942041942121,0.234484586303055,0.473185304518167,0.669746636927786,0.835758493220741,0.981947894951664,22.2387651617134,1.01073617688232
"U[233]",0.157467101426843,0.022505589958229,0.0248448740556802,0.126137705594503,0.134278384702159,0.153590550490147,0.179031337932449,0.206068285743658,1.21868873067068,2.42056079609192
"U[234]",0.671469356879392,0.0427552056156105,0.0441183268144197,0.603192732622724,0.630034793843625,0.685140756975276,0.713302214153533,0.719578713522853,1.06478044905407,8.68440229951013
"U[235]",0.214574836407681,0.0298687149919373,0.0301998454504872,0.174712944488701,0.185939514942291,0.213502542238777,0.244688426985644,0.252832424075654,1.02229529776477,6.41565420595897
"U[236]",0.755432546004777,0.043782491797582,0.044244718258251,0.696407159788768,0.713769284315315,0.761630849151878,0.798407472279668,0.804673638963896,1.02122612859765,10.81532056555
"U[237]",0.675326199094473,0.0565204738766564,0.180697654173447,0.160994519599363,0.67225709150369,0.720116265754025,0.761309857515665,0.928751349914477,10.2210012253967,1.12406318857138
"U[238]",0.278670723531809,0.00706405096327988,0.0199115293930184,0.228041343053928,0.273499655663471,0.278691549537725,0.285717490528271,0.317495532669474,7.94514067014775,1.24539185865976
"U[239]",0.66032297716607,0.033920603658497,0.0759052485097765,0.452505853424083,0.634580323819629,0.638794921761133,0.691447449385118,0.822775943211975,5.0074482303,1.84202014087116
"U[240]",0.962171723516367,0.0218702332797594,0.0222256361495975,0.93193485274553,0.938787484133469,0.967897803418587,0.98382374159966,0.985242756131641,1.03276513859319,8.9845455346912
"U[241]",0.7974133507169,0.111272814485655,0.111535701595545,0.674186396113734,0.680727733851994,0.80930486380704,0.908506004039546,0.910098014804124,1.00473067303119,21.0658795929915
"U[242]",0.500924921176226,0.188008856853497,0.214851842875265,0.141956755933288,0.253696526960429,0.60295291554966,0.687799200083824,0.730163705822884,1.30593496180378,4.03658251024319
"U[243]",0.839627755747702,0.144770281778919,0.144819151033532,0.689255641840901,0.693795245778301,0.844737759608253,0.98438437255083,0.98481958225021,1.00067524221499,62.0508874777597
"U[244]",0.657226986689348,0.18862303635957,0.188672285647532,0.46217634443739,0.468638118296381,0.661483666879661,0.845636408564085,0.850686371841219,1.00052226619169,70.6423844226907
"U[245]",0.78689330149541,0.192740628318842,0.192942735515928,0.576992076448469,0.590541465214151,0.797908948109656,0.979591131719041,0.980258671154133,1.00209829306178,66.6712464790853
"U[246]",0.779570931655868,0.175102461494717,0.175161578816394,0.595567840031054,0.604933736645868,0.784802770240431,0.954646151162719,0.955275680718261,1.00067534517376,70.9094722037261
"U[247]",0.988651027125075,0.0109740967424664,0.0110130243227414,0.974855869628793,0.978066453174083,0.990247569553163,0.999612867785571,0.999631502638048,1.00710703096852,13.1967671755317
"U[248]",0.910289767504529,0.0492746295758396,0.0493695316844008,0.854898810632071,0.860861534694956,0.913593602336987,0.959535842457126,0.960902767459399,1.00385567580364,35.0211943267334
"U[249]",0.635551217731112,0.143276346094138,0.143367001473675,0.482267691006199,0.490868380157039,0.642050383296806,0.778613524554702,0.78203148365588,1.00126586226187,45.6237867582326
"U[250]",0.894337168699198,0.0876049745766203,0.0877312349488157,0.796766546032324,0.809372637144157,0.900574582801128,0.981835079388422,0.982582490355708,1.00288457040191,42.5695128840499
"U[251]",0.103876677342227,0.0539732250584955,0.0542222028340689,0.0425310581670888,0.0506821768128268,0.0989561514384143,0.159204884398876,0.169085299205561,1.00924725327794,13.1443554834682
"U[252]",0.925043745278039,0.0651408065719187,0.0660484894045726,0.833013052814433,0.859778206273722,0.948159239251287,0.989782352024498,0.990430674990016,1.02806249362051,6.93721233438297
"U[253]",0.582788978833024,0.112697254319821,0.123767208559703,0.425596910671012,0.473482562259496,0.539389335436158,0.702093647482467,0.794363028995807,1.20610334338938,3.32770409633983
"U[254]",0.833051920545445,0.146913950080346,0.147301950894136,0.654280738132025,0.686164257128646,0.849610604370823,0.979843859835037,0.980248132421357,1.00528898950804,24.6172798691277
"U[255]",0.999303763736976,0.000712178634529868,0.000759112046914663,0.997779771022514,0.998796379814479,0.99955250434669,0.999999385143894,0.99999945573163,1.13614532552087,3.53247674465625
"U[256]",0.656459847316876,0.206463707193811,0.206809414004484,0.421155977256911,0.45279456897847,0.674999715988248,0.862845829738553,0.863920901159343,1.00335164222758,18.1993207361605
"U[257]",0.428245063091627,0.224835959379302,0.22504913553399,0.18267367459484,0.200710020430693,0.44092723851479,0.652587317760458,0.660147137351819,1.00189718064482,25.7871607801631
"U[258]",0.894561911098643,0.0926606104142474,0.0928783881944685,0.779873027168993,0.805491992986134,0.901584523603671,0.987124830174484,0.987585734274028,1.00470607085196,16.9952268357618
"U[259]",0.418733153738643,0.16610472972557,0.166783097806024,0.210609906280829,0.253116197073479,0.438963412137305,0.585375308567071,0.589070472767732,1.00818463510068,11.5500349035162
"U[260]",0.787629425091198,0.157499238123652,0.157568187347902,0.621517453149085,0.62928082040249,0.792195926157224,0.945075415838685,0.946723155728229,1.000875741587,85.3712717455692
"U[261]",0.383870720259928,0.0469839836931052,0.169795487242808,0.0720863152897258,0.277379887929015,0.346224581529614,0.456381114383575,0.785971472652296,13.0602837591564,1.19562127847055
"U[262]",0.135128815039885,0.0323062072182857,0.0330376379019986,0.0845231907064873,0.103245088384602,0.140341259230142,0.166948152717792,0.172347397348381,1.04579371880725,5.03556983631935
"U[263]",0.139668414600273,0.00944343748460323,0.0157455386582201,0.106928145863622,0.129075273894816,0.14579887050686,0.150658335284316,0.161793918349117,2.78006420376625,2.1914461368105
"U[264]",0.450877002841266,0.0988106783710302,0.219585612625651,0.0630184032459676,0.279916867829002,0.422494217549363,0.65000703547393,0.855223493064289,4.93855620970921,1.7391840744181
"U[265]",0.202055096608783,0.0390154393900459,0.039469613408783,0.149035788859291,0.167354508321226,0.201698111378622,0.241301435048538,0.247291822043764,1.02341726856514,8.9809397371598
"U[266]",0.377940009292815,0.0561485529436121,0.0566163385585282,0.305763468061999,0.326574743440362,0.377902302340759,0.433832315172796,0.4428928997184,1.01673183729023,11.8951724390764
"U[267]",0.749876729340762,0.00272655241054079,0.0107525105535009,0.722370771175382,0.744219486340815,0.751541950997549,0.757711115571836,0.766168723905988,15.5522079460955,1.11376283477712
"U[268]",0.619283356717507,0.0654435623458883,0.253432435084729,0.0329195091238474,0.50541359058983,0.682751995846511,0.807468899042124,0.97331484511061,14.9965213349631,1.08743319974224
"U[269]",0.466787207869247,0.0594825798197265,0.0600259961383307,0.385305762621481,0.408601249943028,0.475419080422755,0.525546218248153,0.533237792249417,1.01835490560404,7.94021181948675
"U[270]",0.582242893875913,0.129152059125722,0.243136064276427,0.121709544626574,0.382805263891897,0.650655971161915,0.7888475693079,0.913689811448249,3.54401943866158,1.29474972905066
"U[271]",0.324758216260313,0.0300341454831362,0.0329049699479171,0.28919339572877,0.29534535506927,0.304406527048699,0.361167815432162,0.376107433181182,1.2003072705759,3.12110851184255
"U[272]",0.405464341809942,0.0982455398970616,0.221916446965623,0.038777782515282,0.216610537842806,0.405974643760985,0.608243844513362,0.764496179105742,5.10215083653778,1.26983568681539
"U[273]",0.751374735131889,0.0888652564154773,0.0892991840139358,0.632595278277429,0.664595288670848,0.762525234153584,0.839835231149316,0.846700505493278,1.00978981092722,11.5683801131752
"U[274]",0.452572247018909,0.334374527355676,0.354975982999895,0.0617428880494549,0.115606890710933,0.289684413283001,0.827195072210176,0.980932201804413,1.12701986242987,3.83199993639856
"U[275]",0.548434927814103,0.185216643039681,0.197431483926945,0.286920458046715,0.377956907297141,0.453781902465792,0.731567642487236,0.898207013989443,1.13624713818013,2.84396515167612
"U[276]",0.267380796934854,0.0369477928084763,0.0373404847275681,0.214760299595379,0.233294293533687,0.271132238523769,0.304544416807486,0.309480518499796,1.02136954395449,7.07762784871499
"U[277]",0.630675325883054,0.0211379161193055,0.0448024791267282,0.563221108591987,0.60987076271687,0.616013593671606,0.628443297780739,0.739246950872603,4.4924137930294,1.86138376495242
"U[278]",0.576907890222927,0.0442184851738329,0.251906929089704,0.103046967597593,0.382162586799805,0.592682228801599,0.786088037337888,0.981685156106416,32.4543194116892,1.04504223300817
"U[279]",0.73347356686248,0.148390586244069,0.263444303616975,0.165111066834268,0.539607416283531,0.873853079401393,0.923967060938201,0.977727912686655,3.15184552086616,2.78730333997578
"U[280]",0.634909486637794,0.160155246510811,0.248598411885967,0.0676119198865351,0.483253490357389,0.717811249599432,0.817417673369787,0.918298340598,2.40943025455359,1.32289976504402
"U[281]",0.649651485928423,0.0581972048639628,0.232739833642037,0.192994199250708,0.450954421194783,0.682152393524511,0.849095701528589,0.984421401225101,15.993266939898,1.04016711624252
"U[282]",0.448121236740001,0.0611677987413433,0.0674585668394155,0.31876286231469,0.392660486235312,0.490640881160161,0.508364456945525,0.510904829432142,1.21626586210181,3.65133850938664
"U[283]",0.927002920934992,0.00888002818321369,0.0108862463130793,0.916280013861178,0.917881538999781,0.920338283870926,0.937729217872003,0.947824659845704,1.50289148785278,2.70733309469482
"U[284]",0.632864129169651,0.101253062056193,0.232090205731586,0.124211367769312,0.465671542949121,0.694798354218547,0.82204727019819,0.928764825888855,5.25408742953075,1.269085543494
"U[285]",0.394443307384092,0.0176887223282173,0.0270737437720126,0.337269230105614,0.371167079001426,0.411032515684738,0.412984459401103,0.428873765067148,2.342629994812,2.98802135651256
"U[286]",0.200698185871231,0.0177196985894523,0.0221980566014623,0.156988336423788,0.181075174678263,0.209910321161408,0.218662068475411,0.226963983423203,1.56934073683468,1.76176871987467
"U[287]",0.374674622124192,0.121956241054575,0.184006507860293,0.0903148808090009,0.219341092069366,0.363891717931498,0.5138527532076,0.733403431874891,2.27645099832493,1.63177266702721
"U[288]",0.621604267118679,0.129925086002496,0.326933374518779,0.11079451207203,0.286766391272128,0.699663301820304,0.946281001830295,0.999421025649874,6.33187726987819,1.70381425724739
"U[289]",0.539522831927857,0.051176053454127,0.0519974704254854,0.466594349590624,0.488579455672866,0.56245389135818,0.590452282880989,0.593256873270838,1.03235924297494,5.93224830239031
"U[290]",0.045868107025184,0.00473759296612463,0.00974575893267535,0.0305424772045392,0.0385145285851737,0.0445692766315674,0.0529625069530535,0.0670247123725494,4.23170942531197,1.31498871963936
"U[291]",0.960201260697781,0.0239353628185337,0.0239601519307942,0.933502772489259,0.936296356512637,0.961949041031114,0.984123904023485,0.984843864149056,1.00207241052542,25.3402870910979
"U[292]",0.449545198634796,0.00512606580965245,0.00802142641641258,0.433022443176887,0.443370316359441,0.452120906287293,0.455536576465743,0.46163221474973,2.4486958933665,1.41713681684554
"U[293]",0.467931140997457,0.0486903307943304,0.234062099643837,0.00885139639272557,0.390155188807895,0.49759369915686,0.538355923418971,0.945244190555252,23.1087653600647,1.01776659121259
"U[294]",0.86319741572006,0.000980239740006533,0.00287225117101463,0.858091885641157,0.86119420401566,0.862739460874776,0.865311099176072,0.869395455331239,8.58578916691844,1.18089978079856
"U[295]",0.780013702059809,0.025364491385813,0.0273091835954746,0.722868182553665,0.757658633179735,0.793762193669693,0.804918123874692,0.806521800314688,1.15921800493286,3.1892804511833
"U[296]",0.944940241140592,0.0135954166708136,0.0145047617553386,0.91940608879947,0.930775131819235,0.950475111973972,0.958469945881427,0.959391898770873,1.13824605796717,4.24090633450489
"U[297]",0.519897592028734,0.0116263353419214,0.0119856185764752,0.501384271324583,0.508558282695069,0.522719890151187,0.531531575735381,0.535085591645211,1.06276003662124,4.33029002803816
"U[298]",0.387878900975745,0.0891413820525458,0.0891982047011663,0.289907844858701,0.299903676712028,0.389817885049747,0.476978308479615,0.479144332671079,1.00127529454767,32.6539494841301
"U[299]",0.309597436441122,0.0218624204488387,0.0242011730619319,0.281615092820549,0.288430054057325,0.303140117581004,0.328266447160636,0.352437731382996,1.22539569476647,5.88668674057757
"U[300]",0.660226003567266,0.0307132055873356,0.0438622290636146,0.6102089173267,0.63032268426557,0.632564801870473,0.695586222960865,0.75986130691962,2.03953472288265,1.61704104840221
"U[301]",0.938265369201848,0.0282274390262424,0.0282601953028975,0.906300165063054,0.9102675147678,0.939987845098935,0.966406051526726,0.967441749914371,1.00232222855834,22.6764482169363
"U[302]",0.15035437824522,0.00544968136157673,0.00700357091103292,0.138979287344502,0.145025555148039,0.150095471140936,0.154809584570825,0.165632731836327,1.65156944705541,1.5826164044865
"U[303]",0.815856136055316,0.0397899223319982,0.0417553356358813,0.746270801807576,0.776536972257902,0.834499134490528,0.855145373128145,0.857190609539359,1.10122934332005,3.26157283595025
"U[304]",0.421944809567288,0.14296304935826,0.143080615548084,0.267104515122507,0.278086807177021,0.431532781724576,0.565217078666132,0.569192569727433,1.00164538362669,29.1278644196989
"U[305]",0.617473018811832,0.106494860296146,0.106807978194588,0.489867224300345,0.513767673992722,0.628856637846231,0.72391014113317,0.726431011630188,1.00588907698845,14.5841808514694
"U[306]",0.453588002269187,0.240191704828075,0.253430864077675,0.150125118889934,0.217719023449173,0.311016484053667,0.716540625661911,0.868490820642376,1.11327639119828,3.40389329588596
"U[307]",0.0551767063793983,0.00295402488163207,0.00842194567662653,0.0390966753975212,0.0488775966840355,0.0552511786938196,0.0611199264261532,0.0708709316623969,8.12824103163866,1.58644326477857
"U[308]",0.443495470446569,0.0897275869628414,0.0909914828948449,0.31503354185921,0.351583768582843,0.46431582390377,0.531775398804684,0.539622216369579,1.02837026038111,9.63617780484036
"U[309]",0.882517447287039,0.0585767444412268,0.0592828279851763,0.799915013817467,0.822022127166004,0.898838271853554,0.940861389787372,0.941831383800737,1.02425328047946,6.3544729843008
"U[310]",0.519745892557102,0.0451787982446207,0.0458370194782943,0.452759731013806,0.476825163854877,0.529058988181025,0.565034434957763,0.568607682482808,1.02935076427386,6.1319643599817
"U[311]",0.735338919913233,0.0585443941047461,0.0588371195790766,0.662096906207038,0.676251780457994,0.743796451377238,0.793730488877083,0.796678046732108,1.01002512029592,10.7234992290647
"U[312]",0.625958891513326,0.0782828120688409,0.0784365355999022,0.532914221235554,0.549842759740231,0.630700400973384,0.703689645822947,0.710461416107376,1.00393124518715,19.2953390228658
"U[313]",0.836016956897915,0.0487360665254642,0.0506839065695926,0.748322744708489,0.793807357658354,0.849426144720386,0.883993889982327,0.88710936953516,1.08153160321156,6.34722913131714
"U[314]",0.351963026825957,0.30975972314074,0.342916585549939,0.0230365935306847,0.0442844867331014,0.171264970731998,0.705833367218916,0.943667846099408,1.22553885994481,2.41283156802261
"U[315]",0.472900917509879,0.0739340229976163,0.0740339013357437,0.390837501544483,0.398555061156158,0.474270379948324,0.54662203334778,0.551830957674544,1.00270364840121,21.0807973019936
"U[316]",0.835747393632446,0.055356732976129,0.0554138043240024,0.775032151927824,0.780654474157303,0.837411713349923,0.89099005843272,0.894227313276099,1.00206301074283,33.7745241190998
"U[317]",0.0219935372135202,0.00510570718242766,0.00875491884141824,0.00808331362280233,0.0158065068596278,0.0208269294048851,0.0270802547505193,0.0420064347141655,2.94030539729265,1.42797006251713
"U[318]",0.915844829968667,0.0621704005880147,0.0627824138316098,0.834514184027293,0.85014081631212,0.932196170372503,0.977683468840672,0.978403199227046,1.01978515838581,7.9866010420568
"U[319]",0.826338411559509,0.0321673954150252,0.0323263944007272,0.785471224649958,0.794693663695198,0.829920444826859,0.858520729051493,0.860766757281359,1.00991015521408,14.688108986732
"U[320]",0.408414014313821,0.0769870849221404,0.0813654482063574,0.275915148768229,0.325289846570572,0.466001626345751,0.483642828772238,0.489084794903458,1.11697715566506,3.54055966381736
"U[321]",0.405614297253783,0.0679428383559093,0.212491571980401,0.0217953617372272,0.382866798347817,0.419359798474582,0.458779958269155,0.851968271689184,9.78128801370401,1.02760124275798
"U[322]",0.44916777566567,0.230984288735451,0.335015949952444,0.0122489844813661,0.0809462987429271,0.474656688846023,0.776482635582587,0.940451119701061,2.10361416588781,1.61271459715061
"U[323]",0.399888867967839,0.0615625839864922,0.244351020755164,0.0176008317025741,0.199187485232001,0.395093458880977,0.585730910262316,0.856685598256047,15.754137606072,1.1318888987455
"U[324]",0.571287737767786,0.373365045401227,0.384789212194055,0.0404386532022206,0.140816926037428,0.822664244136845,0.937672756422063,0.964867663086085,1.06213192366807,4.59505723545911
"U[325]",0.65042551851595,0.0984665149935404,0.238547538326947,0.0903957501586603,0.554819514312021,0.690886589614177,0.833556319694863,0.961417246726069,5.86911668539967,1.19341373927004
"U[326]",0.390267813555842,0.0311833563789608,0.188481250973489,0.09536377863569,0.278824655724716,0.349407835438938,0.456372382524053,0.87775641931873,36.5334423196063,1.05760464868957
"U[327]",0.713027742819269,0.0307689221028464,0.120852389986879,0.374742812397448,0.701540815917722,0.729315121811712,0.776457325880887,0.912083269742278,15.4271578182266,1.22875037431516
"U[328]",0.497949900292887,0.072684583319352,0.211504684960608,0.0618543736262457,0.414595476263021,0.477461895731019,0.563407917165134,0.973008791601136,8.46750327403189,1.29694378357627
"U[329]",0.468460944485156,0.145798358751732,0.209923058762216,0.204663272023974,0.321342524986029,0.355778320938968,0.629196670870308,0.911409862258275,2.07307503294459,1.45226796585452
"U[330]",0.478183284178012,0.0906506190997365,0.185398429036081,0.0698467118299004,0.374597819802619,0.545529802045822,0.610559997823261,0.711312632284685,4.18283324176199,1.97373306736693
"U[331]",0.404553683001383,0.0914602440057396,0.182563519237098,0.0765694150145022,0.287762355849474,0.346744258621675,0.494511492294415,0.828749476113434,3.98440325776425,1.48019213302863
"U[332]",0.521878067167983,0.0660779011863778,0.28089866180067,0.00795791372059541,0.285625553996481,0.573017965911334,0.746093367279167,0.970611588224776,18.071194496304,1.17292780176036
"U[333]",0.364966802189985,0.0555290825145185,0.227184515455461,0.0507257963297404,0.171411939728851,0.328185465142283,0.531189409753445,0.839414290044828,16.7384969966209,1.10680710125558
"U[334]",0.606689711874241,0.0444190864077103,0.233802201318827,0.0308179715723747,0.555962532156073,0.67360810638213,0.707813645980534,0.981902479019537,27.7049868185412,1.07419940234638
"U[335]",0.258507054220287,0.17872533323367,0.290819878814973,0.0251169689301399,0.0567238405833149,0.0971454717910144,0.441536518477497,0.931577330365357,2.64774372408284,1.97301509333659
"U[336]",0.642062405263347,0.0504614292756691,0.1135613761455,0.383535397562957,0.572947274882769,0.668636262313049,0.708353068888976,0.829642973758525,5.06456557503357,1.5931163647445
"U[337]",0.415701825803531,0.111066952057203,0.284987041285765,0.00439641990059214,0.11732348932583,0.442460972350153,0.661233344382129,0.926964470039297,6.58385893550346,1.64084614351608
"U[338]",0.567260391702389,0.205198703109493,0.208727559755013,0.356289806020237,0.363726091114806,0.505759313525871,0.762416345995805,0.869293225622466,1.03469027761375,5.8417545633425
"U[339]",0.357102161766835,0.0556353443465401,0.211242477562411,0.0775373944323332,0.177049713392843,0.325804743918742,0.489858158852411,0.820696300535299,14.4165367759381,1.16517281703597
"U[340]",0.305429601662801,0.0371102667305142,0.185741273492436,0.0421704688020561,0.141717435533779,0.27746533248318,0.443718113243906,0.720562229459558,25.0512087550635,1.20078288343465
"U[341]",0.421247743743508,0.136523789077335,0.202755309881247,0.191742934083356,0.274755451710137,0.34653555345886,0.542843611441942,0.861519029242061,2.20560535166172,1.60991937801155
"U[342]",0.357566574117461,0.10024609666813,0.278235735638515,0.016885894841789,0.119436589131139,0.263829636308048,0.61522404630416,0.885620275770618,7.70354944615543,1.53264673299342
"U[343]",0.359612684035618,0.0978981147219725,0.217042131297343,0.0351688284741901,0.213827565875593,0.289785196882729,0.437297471626934,0.891839373723641,4.91518008073574,1.47211068830079
"U[344]",0.243657294704997,0.105317020735351,0.106322494354243,0.131052154948073,0.137899537751339,0.221335994514815,0.345873880638679,0.387513255878577,1.01918537568847,10.3482285220299
"U[345]",0.389340813171572,0.0862901057397886,0.253051727067017,0.0273532289830593,0.177982377103933,0.359388069906399,0.54812005787352,0.91957619882668,8.59996352043174,1.50026000421475
"U[346]",0.49950952402738,0.0379510817304199,0.263862170228993,0.0317313269609671,0.301496299276862,0.476093555494756,0.715028940676219,0.97390129602436,48.3399216099298,1.05291993726553
"U[347]",0.49508256991797,0.346885990175708,0.349890636574705,0.0714151432842263,0.127333613587134,0.520031427062217,0.838869423972361,0.901813613118076,1.0173985647235,9.26111382433312
"U[348]",0.876126101357266,0.03894928484027,0.103265701106018,0.602484936364223,0.827761250154522,0.890196938303332,0.961890840471194,0.991215223693885,7.02931847471271,1.43557038992816
"U[349]",0.450133212443239,0.0650545437232609,0.228924811675102,0.0649701297731108,0.269962445022138,0.45705599795809,0.633130217357576,0.858599092338834,12.3831308148195,1.05959305763358
"U[350]",0.69339158742515,0.120591243718381,0.256727484125209,0.083671498352437,0.606432662222645,0.772663303900258,0.886211193685947,0.980488418340318,4.53224293976546,1.61297198383842
"U[351]",0.534567035586324,0.059700027716062,0.177338757553921,0.100871869802974,0.423846173564508,0.525739923314838,0.654755623545976,0.842741913362025,8.82385285725241,1.25699558673616
"U[352]",0.533416605883507,0.0816960303129646,0.244000436685274,0.0246092416954804,0.428364276912856,0.5667691056901,0.683626178305901,0.957278215348996,8.92029667672105,1.30173788115189
"U[353]",0.440860358101782,0.0498993075181573,0.260499183828249,0.0427918479484604,0.197238778446669,0.429826859899097,0.659921461635638,0.92831982006668,27.253588639853,1.05148264418209
"U[354]",0.585646961729013,0.159295438361176,0.160387013965489,0.420649210825855,0.427250105298321,0.551951116818504,0.744645560577397,0.794190893030189,1.01375200242862,8.1649669745198
"U[355]",0.499043269379593,0.223079196511313,0.224486688567001,0.263415885859324,0.278363013798289,0.465647864225654,0.713698482735294,0.799780387158179,1.01265857400317,9.12835332056912
"U[356]",0.592460062069352,0.129137746646975,0.280577725566366,0.0409685790756595,0.373580206235231,0.642535267617928,0.850545925048246,0.956488170749612,4.72063011620779,1.29176918887153
"U[357]",0.330579042741514,0.187020498893092,0.243818967718231,0.0993471643685938,0.136099288476596,0.202758670796051,0.524750236407355,0.91931687706012,1.69963847637656,1.611317533492
"U[358]",0.481668937750952,0.0854059626303034,0.250333423497741,0.0528657777898675,0.349665273891423,0.404026313761807,0.5551332872368,0.991708456108847,8.59134765149161,1.14913399294197
"U[359]",0.613026865795315,0.21948264339365,0.267249769507334,0.0767435678139283,0.377374755746326,0.77569283739465,0.824639510303172,0.892834105740388,1.4826352264381,2.04694955208593
"U[360]",0.487275280133939,0.0587585600147166,0.16883904190216,0.246344971638979,0.364694427904772,0.456907189170441,0.554518843821286,0.857421866408688,8.25664229471315,1.08019754631194
"U[361]",0.433151967700531,0.0809712358453064,0.239446437578387,0.0737592521699413,0.241056393666716,0.411017793663278,0.614245887765642,0.912697509234607,8.74490758929229,1.18696633799894
"U[362]",0.408429399732698,0.212037601872402,0.237253562314654,0.0740812283036261,0.177875815583054,0.401559660502028,0.613846868742103,0.835447741575779,1.25198670332055,2.28469402932781
"U[363]",0.0741836744353809,0.0228606436302727,0.0257412225662386,0.0445353993341311,0.0522567435819258,0.0665783120069253,0.0897097334249271,0.128500686869574,1.26788957849999,3.0843841818848
"U[364]",0.35971926659002,0.223438498637424,0.258940581455702,0.0516388108265743,0.127580313541574,0.288578951675938,0.526317678738893,0.928604507037808,1.34302540731784,2.12075719510163
"U[365]",0.316781857434987,0.0618770576133066,0.17074042930285,0.0641275924696229,0.205735196033798,0.301572155912052,0.367461410670781,0.815983464716171,7.61400978053088,1.36335307709437
"U[366]",0.376447192052251,0.0828166632392952,0.208866818792093,0.0278047531979816,0.172934635606081,0.440393208874136,0.500076263387146,0.833396173684587,6.36067854027762,1.22941830354903
"U[367]",0.42314983683054,0.218047823104601,0.317939558965289,0.00617903125367629,0.109060384157914,0.410344133284965,0.711702689439228,0.966097909622127,2.12610948262836,1.66278118994266
"U[368]",0.621212617877567,0.133609161599036,0.290436772303518,0.135911823025604,0.351173522081944,0.631798470657314,0.930665279835554,0.979049488014207,4.72531457504407,2.14655473933373
"U[369]",0.674438841209557,0.0752099722740619,0.239228831824854,0.0638095868753185,0.590797206976461,0.770557960768365,0.797855010125509,0.968859342850692,10.1175691659434,1.17849166831704
"U[370]",0.345579722188017,0.129516787893053,0.232369931034327,0.106952813524124,0.186139963920351,0.231692124671015,0.465074806138,0.929786750902089,3.21890180228022,1.35208650306982
"U[371]",0.433097673129031,0.0513814940639401,0.218525022382872,0.034995457606964,0.352053911172737,0.41754061824039,0.486841552225751,0.966880591212316,18.0879308837245,1.00248488010155
"U[372]",0.0947404439992988,0.0526418524636361,0.0601253728325553,0.0336297885052591,0.043763668925966,0.0633063205183349,0.131360091600244,0.231351504129063,1.3045274965154,3.2678005995443
"U[373]",0.215912221353399,0.0980224767417406,0.0992885728829603,0.108691473608726,0.11852766304331,0.183792226378824,0.313625935022885,0.356370129487061,1.02599960492288,7.47487900066273
"U[374]",0.392888459427699,0.0527591393727253,0.171133214422736,0.111684923415877,0.304922161156253,0.342930326478619,0.48881204782587,0.806537522924756,10.5213922178679,1.13660511458154
"U[375]",0.518607191643866,0.223142775016255,0.232579885695633,0.226453477700701,0.286516312421722,0.506869494905387,0.745532968596172,0.861840522527545,1.08637220631457,3.53647598215198
"U[376]",0.476283340824644,0.0329484765558291,0.11207384065675,0.28432071556483,0.39216453906084,0.462819556716969,0.546629958387574,0.699468872109942,11.5701191758141,1.16871699750259
"U[377]",0.404053203516287,0.0579190915424565,0.209605327883245,0.0583718468630625,0.242462570634521,0.359210399264847,0.574225552362929,0.790184901319793,13.0966780792035,1.14578903288068
"U[378]",0.630489098216523,0.17241115901578,0.175026512783971,0.451143389767674,0.459548032011535,0.574428640760318,0.803620452838895,0.883653464293109,1.03056867437997,10.029020917394
"U[379]",0.501263209555122,0.267393429150642,0.280104464399417,0.0977196994528115,0.202527635449341,0.708892174606176,0.756499605129618,0.830501072641037,1.09733340444073,3.51707982082052
"U[380]",0.579953003788602,0.116464306264936,0.244013046205985,0.0354930158604348,0.429356731027447,0.611334845895989,0.772501452770777,0.920929303011817,4.38975624156062,1.37596718327534
"U[381]",0.451063187267792,0.118732200826708,0.248740326651662,0.134407324902578,0.252856609615029,0.362937808511002,0.658923859194053,0.902698179086377,4.38889675606038,2.04378852656738
"U[382]",0.0179193903025103,0.00401052434664786,0.0108463092338753,0.00445400900528004,0.00978200898772543,0.0154489059133711,0.0234552491842519,0.0460947199127913,7.31411273806328,1.16659049916543
"U[383]",0.548612381218908,0.0723545834222651,0.18014967726678,0.179113552970687,0.437786648025799,0.573498947366528,0.692136364265307,0.844253104563418,6.19918906747861,1.30450582710118
"U[384]",0.502773942781711,0.217751024736739,0.283458764912618,0.0552982701814176,0.246186990612343,0.509011004030963,0.742146879447116,0.978187735226363,1.69456942429805,1.88026888787003
"U[385]",0.493105543674817,0.0872969423287629,0.0937642429485805,0.402190962166636,0.40708359491526,0.450172074470024,0.569104924929269,0.685245682113475,1.15365629004061,4.90070676523102
"U[386]",0.494634037330175,0.0769650178244414,0.19440477877233,0.164794982719324,0.312049384300251,0.495488802780832,0.673901282279359,0.796978934960368,6.38009468697821,2.14669146075364
"U[387]",0.323355439727701,0.191790389832889,0.279740756151563,0.00126764244295534,0.0158733643184235,0.304633808765966,0.583703453907638,0.846155991569915,2.12744237369265,1.58094123984317
"U[388]",0.404214424167037,0.378171429939955,0.380910931129143,0.0185605101631526,0.0264786037796282,0.313790038826816,0.78078577733167,0.899283753076261,1.01454062123094,11.7528474205739
"U[389]",0.6948771862914,0.0922787654662933,0.200157738804771,0.193866936141298,0.67003646364389,0.766415755565958,0.817234662332188,0.921676621857977,4.70480058854153,2.95688853769852
"U[390]",0.611216584610632,0.0242295744532999,0.0578142827851904,0.521428149015242,0.577371597981256,0.585609752097573,0.656222286334234,0.734279898407343,5.69349195687205,1.23396987075737
"U[391]",0.118427970259205,0.0348045618634532,0.0406014762037345,0.0743890446619235,0.0839486451480083,0.100951018851495,0.141357891594853,0.210312948727228,1.36085328554977,1.98303582616712
"U[392]",0.26908988268815,0.0823915706656715,0.084244255990491,0.173814150599041,0.187702159285827,0.245454412675134,0.356914024921549,0.389522670342724,1.04547832674744,4.76268804278969
"U[393]",0.481256074376547,0.0740816706181178,0.141076638947091,0.243805466328445,0.382126904402574,0.467955604639405,0.5629073116546,0.830426320474147,3.62650828156918,1.22713781310738
"U[394]",0.412368544745442,0.00742232750723239,0.0201415853581156,0.379215125148431,0.401083483011553,0.406012440768598,0.422225107202569,0.456325549468853,7.36388631813512,1.16102605941161
"U[395]",0.0275813016976809,0.00990610384057351,0.0207222545825434,0.00301512549700506,0.0159518507028822,0.0209849096460816,0.0303699200686649,0.0869475004355675,4.37590875352559,1.61529172399085
"U[396]",0.421852580736245,0.0809328315634502,0.237511374093513,0.0221588451641785,0.239173194115933,0.426243648211122,0.566846835305156,0.922492513181079,8.61230405704945,1.51843149984753
"U[397]",0.453155271216294,0.306352539479414,0.322646606491455,0.0470574422642464,0.137885822739455,0.431688057844106,0.823527478524746,0.902644514117501,1.10920350668227,4.77205789468509
"U[398]",0.857869517775929,0.0248321352342074,0.0748920902020806,0.696430508076381,0.808624330176349,0.872284410221595,0.919362132613309,0.958448727818068,9.0958601408462,1.1239140582081
"U[399]",0.420416563529457,0.125510589062042,0.293069824338518,0.0359922359427675,0.101299996163693,0.474960810208269,0.582313078960402,0.966830952669848,5.45232169954707,1.67560694377752
"U[400]",0.574614386199436,0.0504829768957508,0.0528884238861505,0.518095026060637,0.524961707266651,0.555225425909174,0.622669723642027,0.665441209580198,1.09756774752677,3.49256249656195
"U[401]",0.771308714554894,0.0316896090360083,0.0350983548205306,0.703867998865851,0.747137040956178,0.78968641631373,0.802494911197927,0.808578594984044,1.22670393317245,3.79022677464433
"U[402]",0.605335310161453,0.0649753165534719,0.0651030503785506,0.531987803389991,0.540002649396276,0.608810833271782,0.670839611365458,0.675280254018193,1.00393562930337,21.9471831740827
"U[403]",0.475052235089027,0.110746104585778,0.117425119893456,0.256964876732178,0.361987515362207,0.573781533409536,0.58371422530606,0.588383570670797,1.12425572094837,2.95772673765734
"U[404]",0.742898988476875,0.0708207349811455,0.0709804740674623,0.659057753288033,0.671878163612431,0.747483476095415,0.814139038052677,0.818597644817974,1.00451616988741,17.7305527096977
"U[405]",0.50730593569366,0.0237977348105184,0.0246673074435186,0.47635072289975,0.48527704880484,0.500408438286895,0.530327630849256,0.547452285995262,1.07441546804591,3.96028225115833
"U[406]",0.796110183300688,0.0901662975208061,0.0917947300251191,0.670644701985104,0.702157997876276,0.819943557355723,0.88614402788816,0.887946754125208,1.03644682233664,10.4682227222462
"U[407]",0.909130824087498,0.0378446168765815,0.0379712191120062,0.863690370041036,0.871503547667265,0.913272286147773,0.946775282306398,0.949267060979793,1.00670182489285,19.0108242229383
"U[408]",0.235548048140339,0.0621271389661648,0.0629315224440039,0.147702053731393,0.173397052320334,0.247165363196135,0.297170879784807,0.303554793218712,1.02606238817051,8.23209874569285
"U[409]",0.953570134789126,0.0340764531424033,0.0341055899456362,0.916204854350548,0.919273228572568,0.956526401114564,0.987713895469278,0.988119780858398,1.00171081536616,25.8768521717524
"U[410]",0.695969061202727,0.137546611972751,0.255955302522521,0.0819545700118247,0.575023823025895,0.807133721101363,0.872573009791626,0.979159366541629,3.46280844029633,1.31101575642982
"U[411]",0.435181657596544,0.0859624761653881,0.132760603333846,0.114839240445119,0.342592723154613,0.473505174313146,0.537035278088945,0.619312299973752,2.38517693463153,1.35208188100421
"U[412]",0.304677541115636,0.0964109990393893,0.0972595034160556,0.187586186242628,0.201380825848327,0.325331967631093,0.400207077634858,0.410624161093222,1.017679272901,8.29224718148693
"U[413]",0.456215839061533,0.173480301035269,0.173602432421109,0.266319907554669,0.282654138369638,0.46481164411185,0.630609363265872,0.63317869318219,1.00140851008213,38.069399071757
"U[414]",0.34127867250059,0.0317614669883257,0.0321787737276862,0.297284135618892,0.312266222391355,0.345890957367001,0.373078031366649,0.377736188488565,1.02645017555399,6.31796180582457
"U[415]",0.014410302778006,0.00248377512908174,0.00844025746661814,0.00422790039062253,0.00868355156574879,0.0123900090170464,0.0175580949259464,0.0392886729074003,11.547469971372,1.10272053633381
"U[416]",0.5544371810454,0.138817257870303,0.208836853150667,0.155714371628516,0.395951348796907,0.477135949974287,0.748632397064297,0.917579565992983,2.26322305357226,1.53307746245593
"U[417]",0.784097112257434,0.0567190906000655,0.0570516400646572,0.711453474416207,0.727444637235135,0.791144324057026,0.841145257774904,0.84292299413458,1.01176056758864,18.0625804253566
"U[418]",0.737514070034003,0.0746652723310464,0.0747816055215364,0.6525577048958,0.663179118149649,0.742603764417097,0.812463244011752,0.815035393509329,1.00311855335336,21.1453651858126
"U[419]",0.362718312973688,0.0854455818718963,0.0857057105857236,0.262355565623392,0.27716022205515,0.372844594449306,0.448525750308886,0.452971181953448,1.00609802574421,13.1878132755849
"U[420]",0.458019750523041,0.0860536644903668,0.088591488283938,0.324236761312517,0.367560993955726,0.49795008226504,0.543360578906271,0.550577175582522,1.05985208214714,4.31532371567362
"U[421]",0.375602598245249,0.152632476365278,0.155825154405346,0.214093298651533,0.223471155906551,0.316183353283815,0.540179909247636,0.590928413385543,1.04227238416221,5.80170921118209
"U[422]",0.42235900215352,0.142895496735272,0.143134024725791,0.272765346453905,0.279516466486287,0.41341346634168,0.567533557086109,0.582832714749265,1.00334128194565,18.9893024991991
"U[423]",0.567644672487846,0.209653276381158,0.24685539060966,0.276463009594989,0.354730779058555,0.436563274765196,0.854367297021189,0.955057340609779,1.3863788464507,3.30447466531379
"U[424]",0.260073542768685,0.107192205470318,0.250003740006641,0.00512122077918756,0.0553196962267213,0.180225516604726,0.360806694904136,0.929332939880898,5.43959540432688,1.36506779353109
"U[425]",0.425230766672461,0.0897922249024895,0.197268295302433,0.0971498447606707,0.275921830463212,0.407987739027174,0.585897557293147,0.771526869840139,4.82655342424089,1.66135489325123
"U[426]",0.332058548031803,0.24923035976716,0.318919737227016,0.0291579039699565,0.0786658552958294,0.152923249604914,0.646594941223075,0.947171220652757,1.63742307536459,1.90674967584021
"U[427]",0.711021375331107,0.0692686989286247,0.0705327730946172,0.635332340557009,0.641931402137996,0.694108336339044,0.779173872388061,0.814557059800529,1.03683072257106,7.90005369403387
"U[428]",0.0721045135132402,0.0162069945636178,0.0201344385362522,0.0385197025550314,0.055427441149945,0.0717918700219398,0.0863345211730291,0.113304811845362,1.54338428576257,2.10789160736812
"U[429]",0.4663241409679,0.0851049044287566,0.0862958501526131,0.374499115162945,0.381557312706216,0.453042834826216,0.54617477318975,0.5902339180377,1.02818353872818,9.30299179669255
"U[430]",0.350604097948019,0.0759913179287821,0.232974845598833,0.0198655982298441,0.197539929152629,0.293599328442381,0.455405321253318,0.975950995061835,9.39918314381526,1.38650149388008
"U[431]",0.128429034612035,0.036564784012032,0.0420264474817591,0.0879237000022653,0.0934288086253707,0.104942390847186,0.155402341321999,0.219157325250672,1.32105024528222,2.56345891273093
"U[432]",0.330842542074759,0.0461572193401397,0.208408463496373,0.0168300489962501,0.20761823118839,0.270581549034476,0.371185448293199,0.871276222268948,20.3869110577022,1.15450085963535
"U[433]",0.408656510380767,0.0605825904057606,0.228410368824204,0.0647933862718452,0.200671532577868,0.387378619587591,0.595369293936699,0.855609292333512,14.2146428408782,1.36326356229701
"U[434]",0.596497422010714,0.114341669242069,0.257712321955879,0.0149055199718218,0.481814245974807,0.646747591000464,0.800841438173051,0.948508149112959,5.07997191961589,1.40776934001564
"U[435]",0.417323390870418,0.246258822735875,0.268645567544936,0.150064221560735,0.180670182177028,0.219600266031547,0.675939268213389,0.894307726356802,1.1900789155682,2.47145078210159
"U[436]",0.779814666949399,0.0948870661133485,0.118420666778135,0.5363601077747,0.705470060037546,0.77936419393059,0.889723527635305,0.960699669825539,1.55754630572236,1.80714010574819
"U[437]",0.286530391259005,0.0734306476798,0.206940461962752,0.0464685152352077,0.141338498510213,0.200323737258837,0.316008093288129,0.810904636774919,7.94211389506772,1.46497491395335
"U[438]",0.385004721527385,0.134004517451928,0.257879190605499,0.0965251078025117,0.208131210783002,0.289099299884985,0.497603183595779,0.95856235048624,3.7033411295061,1.28255019818178
"U[439]",0.469203243962717,0.0758076830048792,0.208962219682316,0.0317892878585042,0.375490520557422,0.531969876140111,0.593608471885714,0.832467048884132,7.5981716370541,1.28715437471065
"U[440]",0.615137635488039,0.102164791722793,0.103767783381626,0.507109891744129,0.513721776707345,0.585860483651211,0.714190971196362,0.777357744824813,1.0316266945927,5.60712762366309
"U[441]",0.537077202470915,0.186176041350183,0.293622510625506,0.0467655277470179,0.291085753413606,0.537846489193796,0.80708413274423,0.976096033251626,2.4873168514631,1.3220864724608
"U[442]",0.433074387492382,0.196896287931698,0.292527743775459,0.0576764581072517,0.169768821362195,0.370804253553446,0.690562353775547,0.956427603554624,2.20728832427261,1.65739031484689
"U[443]",0.696514720711763,0.208846107884261,0.24320600389093,0.24279358110177,0.517817196624375,0.659120698814863,0.990944205724822,0.99908565019088,1.35611278930873,2.59751182369456
"U[444]",0.641302935115246,0.12809460775098,0.246054961221501,0.145468263562598,0.44618504361522,0.737615382676939,0.839573682319213,0.954089738124796,3.68979770198977,1.27284544834185
"U[445]",0.424331809623068,0.0543087750212489,0.231247754610542,0.00772044018076641,0.264981870695984,0.417370783107399,0.598122563511467,0.894433763488774,18.1307193287241,1.05660025784323
"U[446]",0.521020738815222,0.0558194629525881,0.238642927117301,0.0214028664842072,0.363556766475754,0.548744938850205,0.705625902695182,0.905720809845961,18.2778802257552,1.06286380158795
"U[447]",0.509758640165981,0.0615010053554255,0.258029916041093,0.0454300909102156,0.31641135989626,0.509065986684949,0.741526774988328,0.954985357726853,17.602554258735,1.13705420660045
"U[448]",0.325423327964144,0.281714094881692,0.327191320141767,0.0529670386029187,0.0581418640482688,0.0662072173397845,0.613701508341376,0.98978353845495,1.34892062547672,2.00290406425037
"U[449]",0.354803498275798,0.154384805243318,0.247700097195972,0.0364542899677731,0.128509547478872,0.326700056598075,0.498027643139311,0.931592220548748,2.57420568724393,1.64197225970477
"U[450]",0.506587798163801,0.109073868807024,0.250965048158706,0.0398100785386579,0.407716516891015,0.445943951435427,0.674385942784826,0.940991082467429,5.29401354201454,1.91893168070693
"U[451]",0.168571772738102,0.0335663143761797,0.0885239781958233,0.0394126896789123,0.0988453208315392,0.147906024506743,0.23669576259558,0.350263024231948,6.95527858032687,1.35065958255424
"U[452]",0.200184621372215,0.108933671518598,0.167163916000348,0.025376844479617,0.071326085045804,0.150485607962334,0.297469885785197,0.630476012474845,2.35483666946516,1.6074225469704
"U[453]",0.573617016987585,0.0700967648965011,0.204933496248542,0.227175468032664,0.37456385079301,0.636950742378515,0.766269659685286,0.844959564304993,8.54731971046761,1.38360486415248
"U[454]",0.465454390873614,0.28032985348064,0.281200772120782,0.174939841089239,0.186217187523518,0.422056323399495,0.735481593583634,0.817911649298266,1.00622317957622,13.9742340706082
"U[455]",0.477924271168231,0.0609475088639185,0.228501953511443,0.0084868002794126,0.324888271502819,0.513433939927065,0.629475063999666,0.922841469138718,14.0561996203838,1.02690137540514
"U[456]",0.341764137946506,0.282061709075979,0.366763088532767,0.0462670274105231,0.0631506963854946,0.0907622783895251,0.807369559544027,0.985721289132696,1.69076393869433,2.51124139865387
"U[457]",0.471898048864087,0.254976770866,0.319605119352538,0.00579926732430482,0.0996965449772437,0.6538961069862,0.715007838124656,0.923265230360574,1.57118100772591,1.71989643690487
"U[458]",0.501575522174125,0.0834374043091834,0.162972298340257,0.129275482632344,0.393444969846417,0.545662285076866,0.6170484104906,0.734019267730891,3.81510074346407,1.40895132956333
"U[459]",0.359235304733586,0.0833830047567676,0.158522758732468,0.0765010437495781,0.234413772260292,0.390522305197286,0.460511747506859,0.663372406492013,3.61433298355371,1.28896876791253
"U[460]",0.856966558693915,0.0538042240866113,0.114626562024841,0.548039570014453,0.800983985929757,0.904878067892897,0.938609612193091,0.977121838355721,4.53876595069648,1.88122264082588
"U[461]",0.420924430238199,0.0909680973617957,0.258773967746114,0.00665712515153095,0.345878887370367,0.443069175373212,0.479958098151533,0.976364382857474,8.09213178737646,1.10965046672269
"U[462]",0.487387970531737,0.425627807377035,0.42902218510993,0.0183971183893403,0.0471433237565246,0.421863924936451,0.931103067476453,0.990068224459001,1.01601358153281,13.7176344602494
"U[463]",0.801012275738595,0.0403443678029734,0.113680359784558,0.501248459165934,0.743981725708118,0.808247390842171,0.89117473287677,0.952032260905392,7.93971749409765,1.37880483158825
"U[464]",0.204674896762663,0.016630863981568,0.0202481421080629,0.183267190676545,0.188680535505891,0.192633694712143,0.220435547224098,0.250057995898366,1.48231579778012,2.93351618458214
"U[465]",0.513270928082692,0.148573450993381,0.221045743458964,0.140352718053085,0.313820390194349,0.570863107900428,0.705452584558754,0.803336085170567,2.21351205049858,2.12207646838797
"U[466]",0.0826585164012704,0.00635212490791778,0.0150052144593854,0.0651604647033227,0.0732360836496317,0.0789825845694172,0.0855514834132791,0.126994421107078,5.58015618667076,1.39002345885485
"U[467]",0.496395338054062,0.117679193256706,0.249877555330014,0.14302999140801,0.272059830098264,0.470394142642851,0.668876492116984,0.954790281921772,4.50873937480538,1.34488401455178
"U[468]",0.408016904334148,0.0209971164367799,0.0564798135513728,0.300202397055926,0.364476587631059,0.411149206921702,0.45205542669351,0.515638620746863,7.23547747124116,1.45815658319121
"U[469]",0.552029729649899,0.0484090135034932,0.185422205226766,0.202480552551917,0.426203898093478,0.572202090601656,0.694757096051479,0.859581835192092,14.6713817848305,1.06923318524778
"U[470]",0.751151789354062,0.164402961870274,0.258691176151405,0.160880862407471,0.595031896576199,0.874052938951684,0.949679013995722,0.971314201829698,2.47596189007494,1.41580397045037
"U[471]",0.683402416932718,0.0903598757488745,0.0906543710789367,0.581197460076831,0.593720147279745,0.678974739105462,0.774582470560321,0.790108062911923,1.00652889854306,14.9249941438464
"U[472]",0.348472411618408,0.0218097721449772,0.159723382786501,0.0628124933816317,0.266681014440768,0.334286776896812,0.400164450905539,0.763788095554604,53.6333275301344,1.00531130721965
"U[473]",0.772858115305086,0.0344647497834412,0.0348640436618273,0.729058431360108,0.738909817108519,0.76979369536413,0.808768536628308,0.816133639458924,1.02330537172735,10.3644528610329
"U[474]",0.285729211142478,0.0540934514995319,0.0561948176481795,0.201019452183952,0.238212740086348,0.300180596167641,0.338750268065352,0.347746821362329,1.07920300637742,8.34533622339445
"U[475]",0.419998139213818,0.0258724003777069,0.0548729842801127,0.345542610434487,0.393868681094224,0.401115245075819,0.431586083883174,0.566648903869784,4.49825129203396,2.23323179629737
"U[476]",0.92872271707538,0.00941734563194424,0.00992941956987669,0.913356069341376,0.919801844639753,0.928362856320044,0.937420763018069,0.94432936737277,1.11170793247463,4.3190329575965
"U[477]",0.22315417356112,0.0254326101760222,0.0264074075997176,0.187112151345445,0.199300210532415,0.216184105493782,0.249163565325823,0.263942948548402,1.07812636986992,4.36651068193749
"U[478]",0.431453322325898,0.0581798814547208,0.255462365889569,0.0298326906649805,0.211597788153929,0.416888462100788,0.651862075028648,0.887651694283974,19.2800517771995,1.01950971092394
"U[479]",0.769245520981427,0.218547015174317,0.303934567967804,0.0540757155582921,0.573028526546546,0.960174636835223,0.987510450564436,0.995757855693481,1.9340621944327,1.51372896667691
"U[480]",0.58260515588353,0.125301029180493,0.256307818263499,0.0877294625329419,0.367771004819909,0.541499956723076,0.852354309590447,0.974125210402434,4.18421923285599,1.23244188806784
"U[481]",0.728927244385445,0.0659316146359716,0.215523986408085,0.245979003798263,0.623798449965315,0.753296166504076,0.930415727084333,0.993345824161894,10.6857202321891,1.11505502199214
"U[482]",0.478796964695588,0.110849898336891,0.31989320977314,0.0113002855540743,0.155306053153781,0.484440667442795,0.775258591197413,0.958348722914349,8.32797561636943,1.29598812545207
"U[483]",0.393082842806949,0.0625697154456915,0.179499125040331,0.0330111536251405,0.334889284858192,0.356390630670878,0.514511711812336,0.754290948351043,8.22993323719954,1.31508044273847
"U[484]",0.0727300794530525,0.0465982660483982,0.0587872924565922,0.0173940636801064,0.0265094848151237,0.0502046180817127,0.0956289450355017,0.206020727766833,1.59157608130245,3.42353169320879
"U[485]",0.586274739926836,0.044780983240523,0.232042741479851,0.0951717065592651,0.447487362268891,0.590108312993222,0.774670405803789,0.97169898259663,26.8502742296956,1.0381453934335
"U[486]",0.637958924625652,0.100559332435511,0.223641865184263,0.250026272689704,0.49106978280639,0.601129143425012,0.786557516198309,0.999093798741199,4.94608354757597,2.24106957696344
"U[487]",0.486493606421576,0.248390726097285,0.267428618943003,0.0592863753629853,0.19912328128899,0.649381636409858,0.735202881573828,0.777888618463653,1.15916433157329,3.70820974272441
"U[488]",0.690599696827106,0.169885333990108,0.263542004965569,0.0890125470438273,0.580414043845193,0.816988138037984,0.877077880476773,0.927994992850751,2.40651135149694,2.9195317224804
"U[489]",0.527712518515765,0.267020687926469,0.306187882684596,0.0323089291903164,0.28189274678853,0.481272468734881,0.886018809072121,0.952703432660089,1.31488017779731,3.01050087592446
"U[490]",0.395314467307845,0.204409539836072,0.263436681698482,0.0691218863220737,0.16671743214328,0.315089848368683,0.647159048786413,0.911962467842105,1.66092557890836,1.75455890774805
"U[491]",0.214042203380835,0.125214011271396,0.129105172103229,0.0728748569141713,0.0910056199523534,0.165069587727286,0.34012810526917,0.434020654690861,1.06311788604926,5.63475572323808
"U[492]",0.545511524450099,0.0549854851301511,0.17635545420626,0.184116579874526,0.433363936854271,0.570538587548717,0.676810577797507,0.839303564031387,10.2868325239432,1.11955116442492
"U[493]",0.367714595921589,0.203355866827353,0.248066089501513,0.00963254746361904,0.148695048199646,0.380100493651849,0.527418641044204,0.840643191420906,1.4880632400384,2.15136514435247
"U[494]",0.38915664400252,0.0483291762298338,0.141124345374649,0.142342942627778,0.284582933417028,0.400964748705183,0.487490436523873,0.664163948281267,8.52678073856601,1.19783824335941
"U[495]",0.225511284294233,0.153901990625658,0.157851366956679,0.0601571481160898,0.0719637482794907,0.175584780307413,0.372044752615356,0.4800484237637,1.05198178447009,5.50369896150759
"U[496]",0.626224162225292,0.224948033048246,0.24997912419036,0.152951768113426,0.430567403247922,0.757058318646064,0.853609393939623,0.88537822908642,1.23493211341959,3.41575963949776
"U[497]",0.253512478200642,0.168750198118291,0.171410204718317,0.0717240703644045,0.0866243607287185,0.222000978906126,0.413390445375523,0.508642863776492,1.03177443878685,8.59417068450986
"U[498]",0.464092036290583,0.130356368492756,0.244136862367841,0.0878741808593402,0.256377796791284,0.456727664706911,0.673168483381361,0.881430841221828,3.50753659627765,1.46265820779925
"U[499]",0.406636540624813,0.0619955497779071,0.214403079444803,0.0890809019879352,0.211649085063369,0.411466789219333,0.553265125145027,0.841986325605996,11.9602706153104,1.13428156132919
"U[500]",0.577755615853396,0.170327161812217,0.239629268614199,0.0488859012653517,0.392694775802049,0.700171307203511,0.749707560588072,0.837251903350078,1.97930127725982,1.52976611930451
"U[501]",0.485192237882319,0.275069008850488,0.302985186750211,0.117385849229211,0.203681380944211,0.405823727780697,0.799762382417679,0.957843544040136,1.21327560855384,2.62376748733546
"U[502]",0.522554771397356,0.0509537077873658,0.0658914122848432,0.466147053263202,0.472535968912404,0.477896854359415,0.586048726057495,0.652135876723189,1.6722686493244,1.95096838578972
"U[503]",0.156970394238407,0.0101188711027215,0.0121425727130335,0.135138074700793,0.147457783042957,0.156419502825715,0.166961198124068,0.179644066067463,1.43998277831245,1.94293812466305
"U[504]",0.558960105403296,0.0669454729422272,0.213915359309193,0.174341247288019,0.370035213424564,0.609846158588161,0.734655498247178,0.88664035150071,10.2103706723306,1.12344733651369
"U[505]",0.481955212933493,0.163343069080433,0.258780877110737,0.0737304560670352,0.248659537505566,0.478000973769891,0.683194420708402,0.939203379377754,2.50993767969321,1.81824265914941
"U[506]",0.0470494781183227,0.00540765298779757,0.0120237876689786,0.0294753115612516,0.0371551491235457,0.0455821088552402,0.05497597177647,0.073436384898836,4.94384637311216,1.19429797139647
"U[507]",0.834347374972701,0.0496598897268703,0.0499042675860549,0.782495106560407,0.78435034490409,0.827113195330929,0.884875368632772,0.89569559969994,1.00986627864251,10.2930969942023
"U[508]",0.774141721791302,0.0226542310536259,0.02312242568482,0.739673712965126,0.751916760919839,0.780763696334436,0.795720817542786,0.801180137835308,1.04176109227059,6.18310673807012
"U[509]",0.351644443940737,0.100517423909725,0.182844020319604,0.0748424641558253,0.210331307235028,0.315190332294808,0.484380590002541,0.688213213431283,3.30886328969124,1.86506607666133
"U[510]",0.130269739503479,0.0135435485393236,0.015406174503988,0.108295417923963,0.11761823560981,0.125158542369758,0.145330134438532,0.157785723014719,1.29397143256789,2.63418179191569
"U[511]",0.451820466101641,0.00457181187866786,0.0065671516278579,0.43720422109777,0.447747547467459,0.453844281364434,0.45685049095757,0.46050176892453,2.06337129325851,1.59308952067032
"U[512]",0.00502083696288262,0.00132540034201306,0.00318614858409192,0.000598870473396903,0.00222906583825496,0.00478153281737286,0.00720261141941422,0.0121487270899363,5.77880305017198,1.46748138782035
"U[513]",0.423462889246203,0.0444968465474664,0.216341617791662,0.0604873604236762,0.269400333521991,0.390021872147222,0.505252792166795,0.900097233370488,23.6385959841386,1.09638821363003
"U[514]",0.282430231724644,0.0487519684945015,0.0505792404267584,0.207928468511612,0.227770532881762,0.29964295363287,0.330620513939341,0.336054039316981,1.07636679987147,7.53196005343199
"U[515]",0.347712909129074,0.0833889530094682,0.211017185817039,0.0663612118510068,0.219051690250505,0.26935325317702,0.431685462628685,0.889907168281182,6.40351765979868,1.17443644881134
"U[516]",0.622681761252914,0.0178577195188402,0.0233244678055215,0.601568165485694,0.604665088042597,0.608418460610741,0.639974452852979,0.671372004328791,1.70597040004515,2.01422651975352
"U[517]",0.907529826591832,0.0208124932204139,0.0223113319702937,0.867330962695585,0.891807667914619,0.915025656898697,0.92749761975237,0.930722917643677,1.14921894688576,5.80239557205867
"U[518]",0.848280679339207,0.0228023349666596,0.0231880003075113,0.814346993557564,0.825776301994227,0.853119643517838,0.870642823228204,0.874258558308952,1.03411289241101,8.51252708978439
"U[519]",0.616715056469943,0.124219465497715,0.213435835697271,0.12091463926843,0.496022816548043,0.684886307358394,0.77405512029519,0.879282520325632,2.9522651871201,1.31460485447694
"U[520]",0.688728682515386,0.0482397653038455,0.218197017592403,0.100155181603501,0.637199323737347,0.741418931529056,0.798120509686153,0.986443234237824,20.4591340523007,1.29391564186492
"U[521]",0.308059310440563,0.0987354581404966,0.099685616758145,0.202297744735561,0.210149513843042,0.287872929606843,0.412791985748557,0.438135551087667,1.01933916052439,9.69472461868272
"U[522]",0.0651417512386779,0.00731793234626658,0.00964124732991608,0.0503908412770144,0.0571984134993863,0.0630457582171313,0.0741779992248019,0.0833299481690242,1.7357599676827,1.7749432141114
"U[523]",0.247724873735139,0.0891677355754253,0.0921977010351734,0.133518560863355,0.161955228091424,0.220155118205253,0.332826621341324,0.406434149991285,1.06911570269808,4.74831479763739
"U[524]",0.724487909706475,0.144609101756643,0.145057938592649,0.573807786558348,0.580385974073528,0.709542017328551,0.879182040739834,0.888399456492741,1.00621722117134,18.643046041897
"U[525]",0.271169294187979,0.103187812776927,0.106372965718236,0.155309960767328,0.170272382983953,0.232395554556418,0.387964591135767,0.422958949312148,1.06268786510327,5.9381288070752
"U[526]",0.367520608218393,0.143124341234758,0.173326698828929,0.0886920640730337,0.205285106137391,0.379479976199044,0.500668101714361,0.667518651679,1.46657382517151,2.32207944011419
"U[527]",0.891039593550745,0.0821041851002407,0.0821541765128309,0.801478485428947,0.809868451443816,0.891856050398194,0.973614753205765,0.975645274495506,1.00121812625894,36.6677109896955
"U[528]",0.587960094935041,0.060079601149133,0.113213708654547,0.379284071665125,0.509173660300225,0.555034861937366,0.666093776721253,0.832448205536281,3.55094505845879,1.48150256446577
"U[529]",0.484392377590322,0.160573212732059,0.172020443102134,0.256854543809419,0.321978039825414,0.444763703366358,0.648369839179281,0.765876930397275,1.14766181088621,3.57653302254257
"U[530]",0.630314759486124,0.103131049586934,0.104086550982357,0.520411739720769,0.528207961300082,0.604975359888448,0.741489444531714,0.75799597609116,1.01861568797072,10.1507217575322
"U[531]",0.477173747001186,0.148561265304424,0.360499168021846,0.0125037127709746,0.105069892459573,0.40490359165881,0.866784198403136,0.976449524068788,5.88840068059272,1.33574774090186
"U[532]",0.606357734372578,0.120454066351288,0.309553225378986,0.0294459779552991,0.35649040217694,0.637647385380328,0.910795959765603,0.993436388522595,6.60431433546014,1.51631376453354
"U[533]",0.443451708275453,0.106638741763446,0.108441639297411,0.330577014331609,0.337402962375018,0.411222643631178,0.55925565122591,0.585309932008585,1.03409901371718,8.41146074789036
"U[534]",0.00347295120544076,0.00144500541294609,0.00364189892193307,0.000316138036680615,0.00104919095701756,0.00218935846197756,0.00459001377323483,0.013802485638561,6.35209271391567,1.16039779913718
"U[535]",0.377312976612409,0.143206036300837,0.177436482854373,0.074642089104639,0.265812864920851,0.380888108709529,0.532477272045852,0.670724752438921,1.5351937436668,2.84239357868698
"U[536]",0.419950322001413,0.0611999355128753,0.204191508760586,0.0885923529782379,0.269727556463721,0.388915902975027,0.557327689799885,0.817918080864821,11.1320058837666,1.10125828796375
"U[537]",0.112966907153638,0.0439480039205046,0.0560351001118838,0.055712170668756,0.069786802609093,0.0827589430289881,0.165263053198506,0.231341128715186,1.62570594982099,3.48348943866569
"U[538]",0.378709936239167,0.151909288063606,0.184081853032241,0.10194143516463,0.235835157853328,0.358840733389476,0.519432450905821,0.722741396927731,1.46843016760484,2.53648015972734
"U[539]",0.39819696872653,0.0928483893760018,0.209309450725903,0.0071627687496949,0.311553512476222,0.404276071635315,0.553496974083225,0.773874300539331,5.08193290606033,2.55201086572721
"U[540]",0.782303421829949,0.0754929559791123,0.0781467084303995,0.700100894506687,0.708096966523841,0.753548228228014,0.870021944415889,0.89464192958017,1.07154032299512,5.36464548999048
"U[541]",0.308950552504205,0.039471434702065,0.0423252325135218,0.232440024256312,0.273279540730687,0.329994476822969,0.347780000269863,0.352313275171893,1.14982800081096,2.8298845255913
"U[542]",0.572728617003313,0.0771160244242927,0.151718180745048,0.271845204562722,0.440213138268332,0.613263623732928,0.693262663768889,0.794264107865496,3.87066859172,1.53245175140729
"U[543]",0.389413377865489,0.0179924793947283,0.0204636351905886,0.366245427109067,0.372091465245268,0.380965779961796,0.405180883526438,0.429502567650145,1.2935509578778,3.32874579143226
"U[544]",0.629868083981836,0.122108908430811,0.174586326110133,0.23778238067533,0.511225986741856,0.667809716402851,0.77290313296945,0.837320487379876,2.04421115639638,1.63386406843954
"U[545]",0.141098597073189,0.015515616306131,0.0171753927122765,0.11693258039393,0.126139292876512,0.134831751011033,0.158655506388014,0.171342972163433,1.22539270198167,2.44134611869787
"U[546]",0.152214664131845,0.0180548711543549,0.0187713157135231,0.122198541924208,0.133463829445162,0.162718920097881,0.169577864239709,0.174972112435962,1.0809376432618,3.68401891245521
"U[547]",0.747596087815845,0.027749090291178,0.0287461202140633,0.711773519472072,0.720023868516392,0.743816703404957,0.773518262693288,0.791902276459411,1.0731513463381,4.65086213998379
"U[548]",0.513889322650401,0.0054648581080666,0.015601798031207,0.484715857143868,0.505809090109643,0.512123492480232,0.520065468995459,0.548191961258006,8.1506364561314,1.31921178802822
"U[549]",0.20737896440713,0.0217282310944829,0.0225787983916989,0.175113361314714,0.186845987627262,0.204804127896716,0.229292184320929,0.241757189343219,1.07982383186077,3.64675742992387
"U[550]",0.481367844600756,0.295450643148344,0.31697233444314,0.095922451334871,0.164167811786901,0.392577792820306,0.808851857210261,0.975658164714666,1.15099341058133,2.86008732984067
"U[551]",0.668536083032321,0.205781348123373,0.276133574715812,0.0472312750207021,0.453854188773911,0.806254594757336,0.878947450569018,0.933159683826223,1.80063801267977,1.96367625357645
"U[552]",0.508762043747197,0.330489528940903,0.335840842436047,0.0613641941265913,0.159871721119116,0.681175548875625,0.839133173394159,0.859273587934123,1.03264634716522,5.42523676875717
"U[553]",0.0656961118532948,0.0558141614401369,0.079466210520126,0.00500273749713509,0.0100061111498801,0.0187757792550848,0.108541903920423,0.267041198758978,2.02710478334333,1.9709621116379
"U[554]",0.0993115986308971,0.0118614807163974,0.0154779137473893,0.0792457083008601,0.0880065236994003,0.0948993671754795,0.108381201618008,0.135031002359795,1.70273487038633,2.41989612857916
"U[555]",0.159756625623227,0.0381519081304896,0.0387030383603094,0.106330009412283,0.121617870542243,0.163851207957309,0.198680781036655,0.203321570998187,1.02910003626552,6.26284103256837
"U[556]",0.135396980607132,0.0111281152975576,0.0145687008169055,0.116926394210158,0.123970475684217,0.130102428948284,0.145679906010433,0.16611217801768,1.71395105632696,1.75914731675125
"U[557]",0.447169656527875,0.23233774918585,0.257278977721057,0.0856082251658055,0.224727413538164,0.384805442914655,0.676601970144495,0.880704241950645,1.22622184114338,2.70257155803514
"U[558]",0.844206933249472,0.0101077437923285,0.0244396167025913,0.773109518756861,0.836265803041876,0.850320130319536,0.858387131347715,0.883780913440766,5.84628968174404,1.41403072344252
"U[559]",0.503228737740609,0.0719267076258354,0.212110150326121,0.0661647297455252,0.344710692736386,0.494612073183759,0.706140068080775,0.810909168666321,8.69646074240594,1.25555921393195
"U[560]",0.411793542368222,0.123020015749649,0.193014294524302,0.0634439165470708,0.257637534463035,0.44579757008165,0.548964867156787,0.777889964653291,2.46165615828721,1.38150425820455
"U[561]",0.13216378134146,0.0327516710865006,0.0821156819573846,0.0336603459509634,0.0723530414089849,0.107590718110665,0.171925261197736,0.359899277864083,6.28615782021049,1.64424978833833
"U[562]",0.766372045382668,0.0577528062384778,0.0578483655230169,0.699210136244458,0.709795050666557,0.770182046030596,0.823947827199987,0.826122366198941,1.00331198943213,18.6351807178158
"U[563]",0.842139742983713,0.105825430568723,0.106586772880258,0.699819083876278,0.737368868073073,0.859434551592866,0.947703796543226,0.948769964573822,1.0144404039486,13.9459222186365
"U[564]",0.583149774050911,0.144938379096343,0.249257539289615,0.075291113051569,0.409532876189227,0.638733065967307,0.800108761621271,0.906470545650746,2.95753441075009,1.44548586385801
"U[565]",0.642614756439348,0.0704071489902479,0.0761953457360618,0.521369842977623,0.567528716494606,0.708154304339543,0.71174529988079,0.715104306744318,1.17117925347717,2.87541919097008
"U[566]",0.167128843431049,0.05652349818071,0.0570883810484384,0.0869342036110968,0.115984111645207,0.173215730238571,0.223692631929893,0.227138177507525,1.02008741641497,9.17509014794522
"U[567]",0.760260555683341,0.0292079431210427,0.029678916292384,0.715485393711095,0.731655858980855,0.769191437184176,0.789522122789345,0.791094332596759,1.03250967389037,8.63802483145734
"U[568]",0.0347352353084057,0.00934245412222204,0.0110790643344236,0.0159077854239528,0.0253641488989109,0.0344130736486493,0.0434290245078909,0.0547939573371122,1.40632021920238,1.85150350161751
"U[569]",0.792652664044435,0.0156752965010084,0.0162519553744463,0.775145133994665,0.777127003538591,0.785413491915431,0.808039044754112,0.818331978445989,1.07492883651064,3.66597869326948
"U[570]",0.812877696907617,0.00775710715554452,0.0122435414409244,0.78678386927539,0.805066862118884,0.819473454127906,0.821369656656086,0.826445712999422,2.49123404067399,2.4800073078166
"U[571]",0.871497243593735,0.0301542912613849,0.0303590658114696,0.834445961684332,0.839829879416764,0.876879475923542,0.901444479750957,0.903810697672564,1.01362790120192,12.7871030312728
"U[572]",0.629240215575724,0.109233058283299,0.114109976624812,0.445288547499667,0.504978513222747,0.688916297474044,0.736723860390264,0.739188947551141,1.09128716311659,3.89000124456715
"U[573]",0.28557279337113,0.0195613229949536,0.0362029234845243,0.21316462241039,0.257605710130894,0.299084925636236,0.310224187571011,0.34175708646222,3.42523865448227,2.62178639207191
"U[574]",0.342953758119433,0.036135240645136,0.0366928851938647,0.291233966763924,0.305494315213209,0.350441460416288,0.379098740107017,0.383421614977162,1.03110245658194,6.39452391869642
"U[575]",0.267478136286347,0.0104364845405003,0.0116311582851252,0.246556772767825,0.25815210880801,0.266753898912971,0.277585402059944,0.287269747906442,1.24204537977883,2.17569757753003
"U[576]",0.353450012609803,0.229714883508596,0.295295179042555,0.0933489398630388,0.127083362853515,0.169230544691015,0.614748695084526,0.968012928661715,1.65247327466357,1.64024794557426
"U[577]",0.412203285831961,0.0904454083751435,0.19717698331848,0.112506500461578,0.268501582892982,0.378354419003681,0.534530708200505,0.823295601577226,4.75268890512065,1.55999532533783
"U[578]",0.715632775937643,0.023580049290291,0.024018441436182,0.689230000468577,0.692174752329788,0.709276589388712,0.740239590214531,0.749041650371519,1.0375289600333,6.9989384026204
"U[579]",0.428401392181381,0.0450067726440802,0.229594378397233,0.0610699963127271,0.23379219354556,0.407624552663461,0.628606523316765,0.839277273239849,26.0235629867961,1.00430548902605
"U[580]",0.268306308297091,0.0453134757634816,0.050019843211096,0.168008105081824,0.228307807333174,0.296322307043099,0.312969844544716,0.318686609795633,1.21851225184773,3.98321741669995
"U[581]",0.632355534994952,0.177155585590569,0.25146619119793,0.132012586413071,0.348929797045837,0.778886487213607,0.814131205760636,0.875445802767583,2.01488149353681,2.51800121530672
"U[582]",0.345359744127132,0.0915215694358031,0.220717097904826,0.041472330265299,0.150707141731176,0.321828324955981,0.526978543522204,0.812523425123105,5.81600855366874,1.58500484897426
"U[583]",0.323103212205217,0.133399963027711,0.135052675153799,0.184624459875795,0.190268035346489,0.300246270699519,0.447807232274395,0.527287739939229,1.02493179064526,6.83764716826953
"U[584]",0.415411276848869,0.0904906465763465,0.254534650970262,0.0285835057292139,0.206204619211082,0.385259730616002,0.590541924258776,0.891696671555226,7.91200300767003,1.3961511953267
"U[585]",0.612178030053115,0.0651888200681219,0.166057833250434,0.263969092055188,0.45021702152286,0.670682704724542,0.742737931065892,0.805647553499223,6.48892109495698,1.51757938972013
"U[586]",0.526495726835087,0.214739473148338,0.215519921732548,0.301298088915365,0.313120773466127,0.502993881657504,0.736863794918987,0.795377794167279,1.00728200365682,13.4709580913872
"U[587]",0.422910426364215,0.200481727132525,0.265190557339182,0.11671237891285,0.218865167652255,0.279929479345423,0.668615555458494,0.917034222925751,1.74971180504268,1.63638005629506
"U[588]",0.574400110261943,0.187813397225924,0.220571073508036,0.262978123882272,0.380922306102323,0.511534869946084,0.769632657339329,0.971667972883415,1.37925312604216,2.05327856814123
"U[589]",0.509761132956721,0.080078871968116,0.259791975069115,0.0817995767180398,0.301317855364795,0.48427027496168,0.756889907478256,0.915755534524525,10.5248416315212,1.4437092985325
"U[590]",0.223767128529664,0.0761542098031476,0.0796145841752473,0.142482849859113,0.148186400675901,0.195897534392299,0.296053478934404,0.360759913000378,1.09294279148175,5.71780364140844
"U[591]",0.487312644324154,0.0276035147057603,0.112134471111609,0.290260834043157,0.406742972904885,0.485321775306281,0.556851889431945,0.757084717768109,16.5024912443359,1.16905533411014
"U[592]",0.444206380175779,0.228645880564323,0.322547589064299,0.0675793739157847,0.205655189240494,0.237565504994182,0.762610832360058,0.999886768488807,1.99003556308064,1.6154041451415
"U[593]",0.338353031809599,0.137671426131255,0.213091894542681,0.0645087804769419,0.125341993688676,0.326048626235603,0.520021109239852,0.721782921109858,2.39577615813932,1.93947993824245
"U[594]",0.604627000467458,0.100676232400945,0.245434831834376,0.179595643888956,0.388735995096889,0.609132477323313,0.831765516173015,0.966395274310671,5.94317454829282,2.23961382134643
"U[595]",0.515424936187918,0.237017475070245,0.320725306190277,0.0600837068064183,0.204278740495181,0.497501043350834,0.845418019019948,0.990154926156764,1.8310732673926,1.55916211549656
"U[596]",0.537939598659824,0.0619145296504756,0.229635309653188,0.0718713608825213,0.352626020287954,0.590239316161164,0.7247996076195,0.895704546534764,13.7560003874697,1.20271471458801
"U[597]",0.657748119818264,0.204358362043151,0.269055724659908,0.0920975978157585,0.450356490757243,0.765237454627042,0.866517535000302,0.952560753405363,1.73340341405348,1.56985815656846
"U[598]",0.744863993149726,0.239655823376002,0.298545356165549,0.0854939194205382,0.535022512234822,0.900993501001225,0.986055201483204,0.998350121172039,1.55183187333854,1.72176656484776
"U[599]",0.492199683869766,0.0706146169599635,0.2699975818291,0.0845959424591615,0.261178419015539,0.455670074403152,0.752430191373943,0.941410498830287,14.6194331481622,1.2107354061945
"U[600]",0.393116651741042,0.124519612478052,0.244033336591247,0.0753599305815949,0.212365813327901,0.326181510122214,0.509643284475478,0.970411970117592,3.84080974623486,1.32027595424289
"U[601]",0.649425477583474,0.213079080485709,0.274451453409779,0.0913285506787594,0.424256192124618,0.684072931840116,0.91364979902822,0.987936639199219,1.65901167410506,1.59244933940504
"U[602]",0.484102056657413,0.11799358016735,0.119594137600969,0.359710765624642,0.366103815333205,0.456927143798959,0.607018832256018,0.649687215285561,1.02731357145538,8.87207088678683
"U[603]",0.503774214863887,0.161806119043782,0.201671060836072,0.281119241931978,0.337092983836443,0.425433713881235,0.641717735099955,0.905110107226511,1.55345001226749,2.54265119628624
"U[604]",0.778389370975186,0.0882655823002315,0.187233541766259,0.249051806206527,0.717113818141671,0.830381433488674,0.919106495417355,0.968918212693199,4.49970998889946,1.70107245278464
"U[605]",0.228316302521988,0.17674042173372,0.255931954726282,0.025422995323005,0.0377679446982128,0.0997721452498807,0.374127637060668,0.859714448123136,2.09689774886888,1.57221899809004
"U[606]",0.841501744943654,0.0611361176099266,0.064827283841652,0.773058434471166,0.782615019405402,0.80688416930181,0.91330593047986,0.944164843680094,1.12439767746765,5.34557193447334
"U[607]",0.657348742863374,0.046292925486234,0.123082175596001,0.421219465335165,0.56366914957969,0.666821142135837,0.747764106638332,0.874210152404134,7.06905034326278,1.26321795777302
"U[608]",0.607705759613636,0.348944283750313,0.367802192054099,0.0172912649752414,0.223816040238752,0.906711120526953,0.95108439255375,0.959999649343278,1.11100611649041,3.19675244445201
"U[609]",0.619497011241244,0.0640728999380736,0.22069229702516,0.0837620773616978,0.543754594537493,0.649018318944314,0.734582122130578,0.993169402996522,11.8638484054669,1.11171877130966
"U[610]",0.54386611711133,0.259371406209634,0.295115699215523,0.192309683352697,0.274887497670782,0.400848608598928,0.878155626682211,0.975552250465225,1.29461439940713,2.47077179999844
"U[611]",0.631801241420865,0.0641077133474086,0.258736366153621,0.115357762191886,0.426178451718473,0.722260349065947,0.84588487805104,0.948182800252242,16.2889982274245,1.07138603817392
"U[612]",0.44375503391302,0.0811444838351562,0.226563437287157,0.00903824909758364,0.285369843701794,0.441150251219648,0.640087634280859,0.812423111251816,7.79581717783936,1.48239535967909
"U[613]",0.2660546421049,0.075522025040804,0.233248459926172,0.0149967980318519,0.0557244862342566,0.198390363022384,0.432291165846619,0.811597475693288,9.53872474358431,1.06935712191185
"U[614]",0.505382683046092,0.130967427800901,0.277146762151722,0.0447531216966705,0.270258760199171,0.475868352497704,0.723973073044548,0.991997847433038,4.47809210901417,1.2902514449102
"U[615]",0.411197908942687,0.0756395358915834,0.0773993214981995,0.331550345998069,0.335844999816719,0.390869153663698,0.496026182023137,0.516611859814603,1.0470721207281,10.3249410710565
"U[616]",0.61159617932486,0.145012734827714,0.277194695872861,0.0938950379998452,0.363916347218629,0.653562474748024,0.860704589556541,0.983227084435109,3.65390747118457,1.35328614617401
"U[617]",0.56522066181521,0.154970101588142,0.155213289123944,0.403177051677355,0.409645516492021,0.557314476126421,0.717902460046376,0.74343675203253,1.00314097164396,18.5769622062804
"U[618]",0.572994449181564,0.0411503892900492,0.213569824073554,0.11476654215096,0.439967634683927,0.586657193819381,0.740292858299752,0.933497003284939,26.9359243512093,1.18299958656612
"U[619]",0.623638003118364,0.11025864767925,0.183178281535179,0.382772849776919,0.494780671791997,0.557042711430987,0.7740717118877,0.983908808031718,2.76008614936093,1.6864289952
"U[620]",0.564857123435223,0.118937746059297,0.228023359993149,0.0697297401269334,0.424846018851621,0.633717074568781,0.753765267692241,0.823058210864417,3.67552408955955,1.35402253546201
"U[621]",0.535324302803749,0.0549035516900691,0.291336158678885,0.0537219895688001,0.283768618403967,0.512949961517467,0.815776803499845,0.984749290213404,28.1570984894076,1.00509125351272
"U[622]",0.962464888314027,0.00427828953926607,0.0122406888954868,0.925986354630432,0.961666913586436,0.964446238644189,0.968892215720811,0.978596550061135,8.18599311424219,1.09735619145835
"U[623]",0.601734248995754,0.0349336502423877,0.188219576820456,0.101618822507877,0.582470667836941,0.616156897510538,0.663673302883515,0.925639673052016,29.0296399770543,1.00576932856729
"U[624]",0.590893420768585,0.362375403898115,0.365450384816174,0.130886868392294,0.228250397896005,0.627464061696557,0.959236819217806,0.987609760294208,1.01704325099679,13.0697202069095
"U[625]",0.693099695345654,0.0677486156811178,0.0678215079608174,0.619688523496226,0.626058996404618,0.691703656822527,0.759820317406876,0.768398749339088,1.00215300319273,24.9710125940149
"U[626]",0.362808497589909,0.0656675171574086,0.0665817421031025,0.269589250718897,0.296601964380855,0.384809271992784,0.428633528032582,0.431991539413986,1.0280378767989,6.22784722482313
"U[627]",0.843851725784125,0.0220982614763753,0.0247018499276506,0.817835174023847,0.823043824467564,0.830945842030519,0.863267574639135,0.886064205304652,1.24951864727042,6.35218537636738
"U[628]",0.188534297155416,0.0175924676001663,0.0192842224448333,0.163005069741366,0.171896950352545,0.184501514057677,0.203689208807354,0.225535437372976,1.20157461644997,3.85767293250353
"U[629]",0.764333084440023,0.189744909933449,0.215567417606334,0.355494072124256,0.533467184420398,0.903395964732425,0.955297260746337,0.967177297173238,1.29070195957902,3.39730611177073
"U[630]",0.620005095786252,0.316770418850609,0.335580653091169,0.0340033062166957,0.318125164395012,0.769151910128189,0.937267525364488,0.970905258987574,1.12228870513023,2.98633111996593
"U[631]",0.280505574205313,0.09763307996184,0.167707068440122,0.0610624482080481,0.114165342490748,0.26753123825161,0.398200999583905,0.629950417608958,2.95058924494151,1.38922230420469
"U[632]",0.241937102023033,0.023732073531289,0.111968644035436,0.0764227170461773,0.185195034630138,0.222533074773369,0.251388154284772,0.591271198761257,22.2598107200498,1.04165772141382
"U[633]",0.187364643595814,0.00826002389567212,0.0334979287881955,0.112190899412618,0.17327561440886,0.180328077135447,0.200872589389111,0.269464115614451,16.4464929255842,1.07691824426395
"U[634]",0.273646773143811,0.0113883221664352,0.031509205449278,0.217308397039322,0.261642703044009,0.269359944288082,0.283498031576063,0.356013172334245,7.65518014051078,1.68736193556105
"U[635]",0.162267257154565,0.0392107786995835,0.0393196241432912,0.115531549198653,0.12300519103861,0.164863099263391,0.201219875602282,0.205897068887197,1.00555951805567,14.5507704444403
"U[636]",0.49896507240975,0.044104910379615,0.222277669735632,0.015640543381095,0.393369709647685,0.489684863238812,0.551783974068588,0.970049855257551,25.3990680987053,1.04312634422377
"U[637]",0.114287676271015,0.0102857931457711,0.0144966690938812,0.0882050846452413,0.104792964968724,0.113892626102608,0.123020139795703,0.149782618448451,1.98637334621386,1.42092776007494
"U[638]",0.678865025187062,0.0536815166603635,0.054292861624055,0.600639566517775,0.629007274038267,0.685904740410088,0.733005799117749,0.735896687066313,1.02290643458699,10.7234233112396
"U[639]",0.317939139795928,0.0271869746153833,0.0278364544014534,0.286292977951946,0.290661397054442,0.312327341142247,0.346916480754206,0.357786253175799,1.04834944880077,8.68655506808816
"U[640]",0.73419769914328,0.0638617886403222,0.0642621705683483,0.665755058683146,0.670925156867674,0.721220811960484,0.79787922068975,0.817050352442577,1.01257832062704,8.81536653958114
"U[641]",0.908154768754943,0.0102307260151789,0.0117404661007438,0.885988405531115,0.896547360396151,0.914745121180516,0.918014009788359,0.921117768737677,1.31691507598669,2.83898446197319
"U[642]",0.731168448245106,0.0185982357953069,0.038159074548234,0.679317135370956,0.708981508388919,0.713003324416712,0.751376078871312,0.827753675227506,4.20970989091602,2.07296454938912
"U[643]",0.886856683864918,0.0565751120521851,0.0572375472619009,0.804420028360375,0.837412247845928,0.894391213178215,0.943277435545026,0.945313519113494,1.02355500135031,10.8370558008752
"U[644]",0.608352802526749,0.0555863625301235,0.213758639383279,0.0710495968155923,0.514661735488426,0.586271289097744,0.775092834782158,0.947832989939268,14.7880476675548,1.09014746446194
"U[645]",0.0330814662174593,0.00650657702058697,0.012919524224892,0.0138544861955878,0.0226233076809045,0.0304346076931649,0.04273120945987,0.0613981608501017,3.94264696653834,1.60746042614939
"U[646]",0.462595975076584,0.0366742155985717,0.0370255056221751,0.417724352824286,0.426602524221927,0.45956407390598,0.499840488522933,0.510202886528281,1.01924908072666,8.49059307597218
"U[647]",0.102146806596152,0.0177496583668784,0.018093058449593,0.0780496333594311,0.0845030081852439,0.0998476594255413,0.1194363114247,0.127230717224032,1.03906801263509,5.50081019228155
"U[648]",0.90133326354226,0.0337396430065535,0.0346289241655662,0.845400344573922,0.874650213184813,0.90692607811436,0.935421799224907,0.936815392238322,1.05340901927158,5.89588668315572
"U[649]",0.744863682278282,0.0143218457736835,0.0151375632490326,0.726594809961218,0.730512713825566,0.739430023208371,0.758577947269358,0.771551530740092,1.11715634423088,3.29690239101242
"U[650]",0.554149219137573,0.0849858395318677,0.0852555903751912,0.453176052126206,0.468445916238018,0.559228437805331,0.640146592046101,0.643981211075519,1.00635821093459,20.4719257756534
"U[651]",0.585291103519838,0.0447585885582601,0.0455269350671301,0.53667829543706,0.541082356062707,0.571453090353924,0.631935290643395,0.653029720273192,1.03462760683661,5.21765273384041
"U[652]",0.460548388892042,0.120132810175001,0.320359384154644,0.0330833505098284,0.159524043297451,0.411653422059279,0.77714010955997,0.95554240635694,7.11134302024814,1.47792060602266
"U[653]",0.0395944201953025,0.00606874301530917,0.0138878440056001,0.0168321059610783,0.0289893991884619,0.0413442829297862,0.0477682438684566,0.0750019878071528,5.23687447858671,1.47149473321511
"U[654]",0.591760618387869,0.176510005148603,0.186839395286239,0.303702238710037,0.408734084364563,0.580919860407749,0.770045116905217,0.856195463451103,1.12046488588535,4.38344416466748
"U[655]",0.948620076707671,0.0157191252325353,0.016558804022266,0.92260625946925,0.932763035334201,0.955322469327052,0.964298040752544,0.966202327347234,1.10968875334022,6.68587895824195
"U[656]",0.289509773266227,0.0060947063237926,0.0168717313065001,0.263698160930552,0.278929376972396,0.286961569520136,0.294639078066507,0.337826303148494,7.66326304479231,1.37059139875888
"U[657]",0.497713938913636,0.138739041580697,0.163491125904166,0.296145011594657,0.367137686255094,0.403492121914912,0.627426638511945,0.845357492206884,1.38864421503709,1.99260948698701
"U[658]",0.399876837640623,0.0595055546136996,0.211209788927113,0.0272849290517171,0.23382133553298,0.400751845233001,0.514157717912551,0.897979290328387,12.5983326217877,1.04262400842342
"U[659]",0.205911228063923,0.0595880148681752,0.0624549837427213,0.108589040636238,0.14708973467267,0.232431007039086,0.264773065245735,0.270444371661857,1.09854123771509,5.69639932466586
"U[660]",0.406646206940617,0.0839794850118527,0.084091604252713,0.310724425301358,0.323229839823976,0.409778601372647,0.491058308460031,0.493914647082638,1.00267194029262,26.7878591097529
"U[661]",0.711259625907609,0.0583774818843722,0.196908345042617,0.124237168569181,0.706343918791335,0.778090412750721,0.81012883520338,0.980353216517692,11.3772559580428,1.15078858672677
"U[662]",0.532855438930528,0.0519708291854789,0.251608497419623,0.131023263599895,0.293295617165059,0.553956884874166,0.748223638293506,0.940171841396474,23.4385810536523,1.02488627256836
"U[663]",0.474269641319077,0.0606410268759507,0.191526054397553,0.098733752322341,0.359525246550031,0.492705428965503,0.544097108876974,0.899097824460868,9.97522338489771,1.65521687728899
"U[664]",0.636301570960383,0.0787224883883801,0.234479714438345,0.0651659320945954,0.584816832728928,0.666256364710065,0.78362849739,0.97551721048581,8.8718241703766,1.25513080268274
"U[665]",0.672389237698384,0.194074260374354,0.235490990896977,0.268398595919416,0.464001365029647,0.67388588150958,0.901322610508846,0.989123815728524,1.47235560779253,1.88225640661319
"U[666]",0.418792887758984,0.0849903600669488,0.253522033143261,0.0189779449650459,0.197268682261052,0.415769617432726,0.613550147046477,0.913519507979188,8.89799341073332,1.20409062549788
"U[667]",0.47241432901208,0.0496713638565839,0.192544606485566,0.141480994009323,0.304640967564783,0.488140799839247,0.58621006269052,0.928521433490643,15.0262477752166,1.12872426859304
"U[668]",0.0154128170413637,0.00892723182053863,0.015699983316712,0.000346738375283318,0.00332466297132038,0.00913838535773164,0.0236525250230656,0.0557655791960536,3.09289201004753,2.37645547005245
"U[669]",0.695945638612034,0.0821284603449157,0.239934808891965,0.0674407541539455,0.613423008685988,0.780689725770036,0.8334079557754,0.995952045472369,8.53491409888262,1.12751596811115
"U[670]",0.497076326681361,0.0478095066373827,0.208852068220909,0.0963767920720335,0.344041500207363,0.49962195091487,0.656377151679087,0.887894629547098,19.0831048523275,1.06920552987942
"U[671]",0.283256506040382,0.130273257808297,0.202814138434874,0.0160141174067515,0.0446722515806453,0.331806001468295,0.450636826359516,0.610949525891327,2.42373930705546,1.63446104600179
"U[672]",0.608085840714193,0.0457888538556853,0.165193919158998,0.301848266493844,0.488842820308947,0.589772102348051,0.752122793850973,0.897690056941601,13.0157311073317,1.09006637706611
"U[673]",0.636103977300456,0.0872711072803776,0.241881639177412,0.156704067654559,0.449021742576674,0.682053610227108,0.812698355455454,0.9759678201925,7.6818325059884,1.46050265284134
"U[674]",0.647812074764164,0.0451556414650562,0.209328388749999,0.202544614856213,0.523091917728325,0.652126993034381,0.787889856533189,0.988868141720049,21.4897928426959,1.04385571041541
"U[675]",0.36350138982073,0.16261265856287,0.165521116786399,0.197386530547399,0.201752208581841,0.300982751086119,0.532440242653047,0.599300940661999,1.03609151104328,6.05677813872507
"U[676]",0.598249914038612,0.0543507151152527,0.143586019186687,0.320219465028303,0.522239762323422,0.586441890823108,0.680306458490914,0.894509960813606,6.97933083139173,1.49295183132449
"U[677]",0.558535476276547,0.0876467119938006,0.243649254136829,0.0735352843353187,0.414493567957267,0.60942747496455,0.760545416093635,0.904051376330551,7.7278541255564,1.2079447649702
"U[678]",0.686899881136703,0.171082185871176,0.280340013301791,0.0690557406141011,0.498815315619715,0.830856867528739,0.881767247492539,0.970530956602225,2.68510082649622,1.42766628784317
"U[679]",0.5647591927758,0.0935497724062488,0.212081619072743,0.216611817926678,0.387416053656836,0.557759794215208,0.726929290012748,0.949237322110632,5.13949668102064,2.04303397463895
"U[680]",0.806199128924571,0.084946784376201,0.200373033951372,0.251317754472211,0.725663092088864,0.898519639695495,0.931503664678685,0.990177464424136,5.56396848268143,1.23688846575172
"U[681]",0.404231813690028,0.34531056459614,0.36934169481636,0.0504201366144114,0.0623612011376959,0.168182267245203,0.820163300706642,0.944517150574201,1.14402876500044,4.07923945031989
"U[682]",0.547167854727402,0.0430311218022174,0.0610688616476802,0.437358330392395,0.479450005417438,0.587457919358947,0.589966025921173,0.603480418563736,2.01406885195886,2.78227950031717
"U[683]",0.0482827509643955,0.0226696467183312,0.0231720027403994,0.0126385540051748,0.025487923273016,0.0527084931380904,0.0703336382648695,0.0781758753075796,1.04481076357251,4.75451653131471
"U[684]",0.567228482651547,0.0882948478228665,0.268528128733202,0.0393332032925375,0.356220354307744,0.577500684352218,0.800894934945851,0.97455797321703,9.24929957676614,1.3060067959004
"U[685]",0.51473818789083,0.0653745047064581,0.065614234921245,0.434435005292966,0.450672992073043,0.520677477295319,0.580104547879902,0.582534508404088,1.00734750541389,19.2804858971889
"U[686]",0.055606559799717,0.0315582450079059,0.0320576252555868,0.021482175689854,0.0240096526247203,0.0499397188416342,0.0853177685524168,0.1030063527496,1.03189856498528,8.63647926447191
"U[687]",0.354979868532889,0.0914289922535803,0.0915138944767355,0.252290061250975,0.264846668303093,0.356721633443495,0.446545489831905,0.450164567144529,1.0018580899067,25.9766382542363
"U[688]",0.569562267235689,0.0590862211625151,0.22057324832551,0.104215181070186,0.414118973038826,0.584526794101049,0.737017284906803,0.939533660333974,13.935843049453,1.08812334590089
"U[689]",0.7886513517089,0.122941045880342,0.123018362212736,0.654718965500336,0.666415733302635,0.794319291812818,0.911563341717125,0.912780821591712,1.00125817449419,46.7317696639613
"U[690]",0.673782141515876,0.0483701121100597,0.0493268552652752,0.60332099334137,0.623000368487658,0.689282737283983,0.721957312566746,0.724885571617844,1.03995050365585,8.88814010307286
"U[691]",0.868731383912282,0.0584051253053512,0.05845699589469,0.804288468862203,0.810955414178822,0.871171840099599,0.927174786817291,0.928208055404468,1.00177702291179,25.8336637442947
"U[692]",0.353760366884268,0.231690421347193,0.248614895282434,0.02300637771995,0.136139617372942,0.288113640096764,0.579818581883859,0.751644256643464,1.15143156603058,3.25087906380291
"U[693]",0.611398127952731,0.013220251882712,0.0135902012791545,0.589052133085619,0.599088685420146,0.614077874131654,0.624675548157854,0.627530378866609,1.05675015059087,4.61559701950408
"U[694]",0.787561438064789,0.108683776741764,0.108978591271406,0.661104321733346,0.676348033945829,0.801242207011724,0.896089324491033,0.897355496560368,1.00543253821259,21.9991840187989
"U[695]",0.748388746046706,0.0820253098532254,0.0821627370208966,0.654854936009957,0.664677188967494,0.754494064113606,0.8306699862734,0.831751529971751,1.00335365492189,18.6322572309218
"U[696]",0.427975584188806,0.208414505988965,0.274796879317793,0.0330114259957154,0.153394366948768,0.412270427777511,0.694426310592124,0.848159340476014,1.7384720240283,2.53364110886418
"U[697]",0.510057434772213,0.206722814690731,0.206860774693682,0.283914625171675,0.306399881587707,0.516518093824149,0.71713055082606,0.718565643445811,1.00133517955568,54.130742192524
"U[698]",0.628246142460241,0.0702174717383244,0.0707713577685998,0.535551552175812,0.560275198150697,0.640027181880441,0.698239314380286,0.700964004662066,1.01583852522376,10.2909826350698
"U[699]",0.334175114581882,0.107633470437293,0.250362444166604,0.0633984266190332,0.140115883403896,0.269902359910133,0.418162096242366,0.914114717844336,5.4105782006995,1.58147404922591
"U[700]",0.979110804886843,0.0197584481358359,0.0198630363206296,0.954647235093817,0.959004951189082,0.982467958282161,0.998835684178212,0.998882873006735,1.01061469954385,14.9016291753356
"U[701]",0.436115190416003,0.0958547538629588,0.237032543227564,0.0796076829685402,0.251185983021601,0.346356382507501,0.682969924640619,0.842420265864355,6.11488987195376,1.68586673783234
"U[702]",0.539862299220129,0.372955569253385,0.39598755883807,0.00293078029376567,0.0751604350975541,0.821262485067498,0.91537881195492,0.962346732608347,1.12732435419426,3.96112976973637
"U[703]",0.360638504812611,0.0774283633071366,0.20638064565112,0.09308469463773,0.196043219328031,0.282231348313462,0.519138980249548,0.787405598004461,7.10456963334976,1.60614511649336
"U[704]",0.714114771606979,0.155583330930104,0.156121745077247,0.553261471627032,0.558338236116553,0.695325053159443,0.868465333946195,0.901724547974031,1.00693320764114,12.2728884407958
"U[705]",0.671011270882179,0.0697559688972942,0.196530851537848,0.305544521152715,0.506919947520112,0.722623585559314,0.840272484010736,0.957667854161881,7.93777384099645,1.4768129324683
"U[706]",0.332122397846095,0.212592967910887,0.274006091484517,0.104021358380069,0.123138423297102,0.155105634669512,0.526749136132159,0.915381024908938,1.66120276658747,1.72011364709983
"U[707]",0.417478520433039,0.0979892930249559,0.267647722701761,0.0209165781793522,0.181074479868503,0.418552374956749,0.625084813685711,0.943709551558231,7.46053301138682,1.5548614574127
"U[708]",0.18363410431241,0.0433608199145993,0.15556298984799,0.0109344993541526,0.0450976184211961,0.153549546856672,0.271266575803085,0.575073918087739,12.8711571108024,1.40044998644166
"U[709]",0.551240972438908,0.0681830389009329,0.213848454704572,0.0753484946794451,0.488176774509091,0.602348816053769,0.652007677736212,0.93196954702274,9.83692873823166,1.07315799194383
"U[710]",0.135073377975708,0.0623904939635362,0.0713727201585746,0.0586700462785677,0.0729664596595326,0.106757415690649,0.197978564679963,0.280847848397696,1.30866247552238,2.47834182826585
"U[711]",0.569766208777298,0.0613310892741663,0.243151128856716,0.122323402071346,0.355443429956523,0.593535726224455,0.781680754438366,0.932562152999576,15.7177806694704,1.0307579478471
"U[712]",0.433855494734117,0.134331038016076,0.25960125961637,0.0164239865313007,0.230076576176661,0.427867502031601,0.650201490651579,0.86081355594625,3.734744096019,1.44010183874902
"U[713]",0.492454333612693,0.172294580431375,0.172553331034719,0.315354944541518,0.31973162644133,0.48424487352038,0.66096832191281,0.693456200175392,1.00300583915611,21.5271799653034
"U[714]",0.295896170277176,0.157634189038866,0.237326325881807,0.0452125773939569,0.113405748852309,0.195720229760402,0.491544318514841,0.821354354893523,2.26668409898533,1.52949224677345
"U[715]",0.0551510134050825,0.00861194962144438,0.0129808868092875,0.0353607940879826,0.0459100806147958,0.0526368793283105,0.063928618649169,0.0836735291264062,2.27198659544559,1.45496427843273
"U[716]",0.284602403470663,0.0955844508750225,0.0964898440224051,0.184158270224072,0.189101888851785,0.268779803973972,0.375576882929587,0.418999238139454,1.01903408269018,7.105507672504
"U[717]",0.669893249885732,0.129473876084236,0.25499650939292,0.0580028383448603,0.555454487510734,0.755346358578771,0.855839229541265,0.952287410604704,3.87886059489382,1.27777759845127
"U[718]",0.483382436743671,0.0721991204346592,0.138464233656952,0.131664438530882,0.410134869739547,0.535136371006794,0.565717210615321,0.677108579880556,3.67799724123096,1.8522324495254
"U[719]",0.44864048982109,0.360418287049866,0.36422295390035,0.0447398352846874,0.0808346970625784,0.405555508055756,0.807578054453761,0.907512401037918,1.02122394174787,7.15644546599087
"U[720]",0.488635274347588,0.0386440227502236,0.200328472760893,0.0478296167623205,0.39801365795033,0.512437091354258,0.574349966486307,0.891122798007705,26.8732815360774,1.01455974330273
"U[721]",0.55170327547647,0.0931206335871536,0.207228314754086,0.209684007246141,0.444431559549009,0.506469202372992,0.691998104636577,0.966001854003449,4.95229316341958,1.19926095323616
"U[722]",0.382240470879041,0.134973240166332,0.165918261793483,0.170757696148473,0.260154658098189,0.299008620196857,0.520936138279705,0.709900644085791,1.511099393249,2.03633305222359
"U[723]",0.324689191129091,0.108967786297863,0.110544862831064,0.211428797460403,0.216565455516987,0.297110839759088,0.438657009723949,0.47529966825682,1.029155202624,10.8668961627038
"U[724]",0.695993622990543,0.0856515115938618,0.136793476252892,0.505367213678627,0.577770844931098,0.664955260107661,0.827742782170353,0.937775102180358,2.55070779024415,1.83329820241672
"U[725]",0.573075841840868,0.0603166473673173,0.22117106414056,0.0799287263360257,0.464012297785834,0.609408561851164,0.727790844536372,0.917084724002432,13.4456631707781,1.20098259315629
"U[726]",0.920643924030153,0.00508886409693001,0.00584405583204419,0.909228848633819,0.915750048774778,0.921834165315656,0.92572978193831,0.92906500505106,1.31882450216861,2.1431027072448
"U[727]",0.416134987134245,0.367129694725986,0.368245708534656,0.0345416781382505,0.0461810361585431,0.410266745090806,0.766205680640884,0.864522436261836,1.00608891121484,16.672944736914
"U[728]",0.448770072384469,0.122493170816214,0.129166028238811,0.322648066939611,0.32855034904953,0.39644682175337,0.567190857867509,0.662863952979478,1.11191824774202,6.77813854595072
"U[729]",0.267482259565621,0.0620491788643532,0.212839376114449,0.049653722667607,0.108473666570831,0.203006004402915,0.360309200696585,0.896336131336851,11.7660821775341,1.1134819161954
"U[730]",0.695754775134414,0.0258845077680569,0.0983007499977831,0.499110860522823,0.630590106548789,0.691897406848625,0.757230780917071,0.89989880282649,14.4222772942759,1.06950581414853
"U[731]",0.230127320278638,0.0967627370587881,0.215579711106897,0.00839722265180667,0.0600966866984027,0.176469426343563,0.3013265819281,0.837293789448853,4.96363093214284,2.13591215131393
"U[732]",0.682856043693506,0.0899338212929413,0.181931860702907,0.199711679262906,0.625326486648866,0.751554363845079,0.793975752257834,0.904813705257993,4.09233736087712,1.37117453304665
"U[733]",0.627614340360038,0.122624349441971,0.260834296968928,0.139353060967185,0.402777811275038,0.757732345099726,0.83201773955171,0.906773978009135,4.52455591119553,2.67187296186373
"U[734]",0.835685189872344,0.0424742486967308,0.0425454747365785,0.787223789178111,0.793434354295653,0.837389444757371,0.878088182298675,0.881203784373131,1.00335665784909,17.8197506530424
"U[735]",0.562255425324156,0.13267339640774,0.135074185090883,0.423849407789338,0.430906993036793,0.517266976473477,0.698673145735785,0.751262554243002,1.0365184047376,9.51892368037472
"U[736]",0.455247311512607,0.12747844720289,0.246857700367837,0.0571470098744045,0.258356092622066,0.451364910238379,0.664783879669097,0.87604512111256,3.7499012261967,1.3928715002214
"U[737]",0.547675321570032,0.117182346351518,0.117326228329742,0.422866448229188,0.430853987557017,0.545203822177121,0.665031506578028,0.677456440128597,1.00245720136566,25.5448405706116
"U[738]",0.41282478342959,0.101245455302588,0.102870763033677,0.306664456833968,0.312037142275092,0.378809762774991,0.512728808937976,0.559770553178767,1.0323639885776,6.04992167825797
"U[739]",0.411727651830023,0.0599995475528239,0.125274967209545,0.145054359816677,0.334747457875412,0.425211246686512,0.486248796248818,0.631470656149437,4.35945947207651,1.30714064846064
"U[740]",0.521190219390444,0.16007671971171,0.252586637207333,0.0429329533218831,0.297911715863114,0.593526373820485,0.727418559038316,0.8606676455308,2.48979958183591,1.52900894407685
"U[741]",0.564583816720285,0.0873651173542931,0.220171100153525,0.0401235116610003,0.44235775298763,0.658390908968429,0.681444577654166,0.9498105335694,6.3510348491039,1.21163994320899
"U[742]",0.471235641870588,0.0570976231449483,0.186487388614364,0.12876962327444,0.332350873654315,0.466351722193799,0.603689853335458,0.815231331352352,10.667505499614,1.28701395713292
"U[743]",0.50781811770642,0.13712778699454,0.13884271417756,0.362225669517223,0.37109516777374,0.475033658144016,0.653741142519203,0.690014550246676,1.02516850457199,9.29684166855764
"U[744]",0.111903380370508,0.0421223269841646,0.0429328273161706,0.0627624744451742,0.0702209259582282,0.102633359933183,0.15355201177817,0.176348748433294,1.03885340844534,5.54978883834981
"U[745]",0.61648464379182,0.213909014178067,0.297034938625843,0.0183941112395001,0.369085662905063,0.812623358861148,0.828888366917001,0.925734297508681,1.92822140510657,2.00874898522317
"U[746]",0.00928086389977455,0.00242676838871775,0.00639588762263583,0.000592210522627881,0.00485120086296573,0.0085518447009372,0.0129527552079871,0.0259334102700441,6.94616332491953,1.26152773913596
"U[747]",0.568077674946238,0.223364686786238,0.239353295450328,0.236709719510422,0.347501698153129,0.474167824760393,0.812512456839613,0.925168716140828,1.14828527364657,3.32037438025486
"U[748]",0.488118273928774,0.0992551321723775,0.222230032771407,0.0424225455195011,0.375050981306824,0.512744761410016,0.624803170983057,0.860497745478166,5.01302137691212,2.01783460390482
"U[749]",0.491626188442763,0.0746274661041235,0.232467705921102,0.0621308818713226,0.319152552979983,0.519884560425576,0.678446095517896,0.872714077735039,9.70348788504752,1.12857393200168
"U[750]",0.573398469895049,0.151381714172283,0.205660126720334,0.236408112495636,0.425902800555704,0.555242940104975,0.735508741464817,0.959044323103041,1.8456670576677,2.50838257621413
"U[751]",0.551268740441908,0.0606958496181868,0.227103022294336,0.108655245599105,0.39284873656586,0.525752232426383,0.714072223566078,0.979887588694616,13.9999936164234,1.29295963734268
"U[752]",0.733944574857645,0.0251636999284683,0.0278590242671032,0.699538863601553,0.710732869915659,0.71892680906778,0.762397475168864,0.783963765159601,1.22569611046243,2.51448875514701
"U[753]",0.861987086464196,0.0687687162359492,0.0689134010009312,0.78286163804021,0.794500926267562,0.862826838754,0.928778368116782,0.93807361443232,1.00421229234538,18.8303026330279
"U[754]",0.0105242496450757,0.0011597205913045,0.00620692776400896,0.00192604911681975,0.0058976238188696,0.00935032306089552,0.0139321669878764,0.025267858579598,28.6448561490241,1.09756261054412
"U[755]",0.1589813257844,0.0706285136028715,0.070868811151392,0.0783420237506448,0.0881452921418942,0.152387880703588,0.229718477490108,0.24281744257589,1.00681612327035,11.6709945085575
"U[756]",0.597764996500574,0.179322771944563,0.181109497563519,0.4100089611579,0.419894300703116,0.558503692543393,0.776264543741324,0.83944692129816,1.02002675772806,9.44813999818612
"U[757]",0.62317078471418,0.0603424184004209,0.245645883551785,0.047898672353023,0.556570003966058,0.681687402211045,0.759052559562681,0.990289207391977,16.5719478483828,1.11852784740528
"U[758]",0.359755739233146,0.290939243074,0.357817236449318,0.0619254280012839,0.0752133361076282,0.118300595924901,0.683857886370341,0.996996489602809,1.51257843782344,1.94188439653767
"U[759]",0.0982986771671551,0.0290962200747074,0.0338426014870644,0.0640597873807619,0.0699048664026999,0.0797104973351174,0.125191529408093,0.175137933038279,1.3528646036323,1.95969583181334
"U[760]",0.737703434980055,0.0502942001923943,0.1948934925691,0.293617883029747,0.587270476494887,0.81411630788262,0.891702923214739,0.982056610615473,15.0161592190859,1.02319113896705
"U[761]",0.524789570298805,0.339007011520848,0.350200882738255,0.0752075708392476,0.167346530755659,0.579377481149149,0.90852595148822,0.972458920484084,1.06712946533929,4.77139890490325
"U[762]",0.0179517526793223,0.00955587451203972,0.0196316301207552,0.00130583670365076,0.00643178275437292,0.0105893956183761,0.0199712514180571,0.077162105883226,4.22057721402162,1.28854750293119
"U[763]",0.222216467292834,0.115213089250975,0.116284721035405,0.100786715746612,0.107828197030891,0.194644967549052,0.336469922590146,0.373515334116968,1.01868911904155,11.9230138771478
"U[764]",0.353980069520718,0.214531953888058,0.220774254912801,0.0708421947097904,0.136891803313313,0.438262975306677,0.554786563007636,0.686946150966991,1.05904125673243,4.35057964163512
"U[765]",0.250958807618138,0.141569592293173,0.147622113196785,0.100985845365126,0.112221109070924,0.186857390170481,0.385573192018722,0.508759058838098,1.08733376191488,3.64995313502662
"U[766]",0.40842727535615,0.281417600521758,0.324004985856944,0.000605957605394469,0.0360098289396395,0.434085482427599,0.743511523260305,0.856110290145868,1.32556453154623,2.05848563044055
"U[767]",0.523264354880122,0.10176061494489,0.200148340772274,0.131812010053594,0.374768735484266,0.527043289776975,0.682989681546816,0.857499004226052,3.86851729467301,1.36257461091376
"U[768]",0.638689805351126,0.292510434245006,0.315126982893708,0.101912003271905,0.326299004455399,0.822314002756828,0.926013477886562,0.944241104940229,1.16061574442716,4.04824827805988
"U[769]",0.697126044379827,0.212007047137575,0.212452572333629,0.476643310838131,0.48495819709321,0.679488675116629,0.91288730547432,0.941093811146482,1.00420734432818,15.597884389731
"U[770]",0.0473922110392491,0.0360647838842241,0.0493633876850975,0.00110896401912147,0.00854165203738526,0.0225657336111333,0.076949132157494,0.147779550405834,1.87345491015252,3.45905816851337
"U[771]",0.284590531165199,0.102584277789169,0.109319856118562,0.17795179673395,0.184076311836853,0.227656666893075,0.402518403179406,0.463758047646901,1.13562904681457,4.03637710533493
"U[772]",0.438163616203244,0.0993303098906093,0.168104079871898,0.230655299132463,0.322173535876492,0.36577189801451,0.534587177820063,0.848549121275113,2.86413132339464,1.35709270850412
"U[773]",0.542451962796491,0.0615057951444793,0.216638106451158,0.0735242697574313,0.393582713786602,0.545224169986553,0.701196132100895,0.921320905173678,12.4061671226906,1.18146229802714
"U[774]",0.538252274162332,0.0545331552717825,0.232152635149131,0.027858370557017,0.448486967065253,0.583596200353655,0.638035054775505,0.960094862722852,18.1228285660634,1.14833135948075
"U[775]",0.487398854924456,0.171750148970567,0.200144709438522,0.27051697278625,0.310662977966932,0.367197883760839,0.696153129764699,0.838203934907937,1.35798190902805,2.85819232823779
"U[776]",0.620544213237642,0.151959165339347,0.25898514136532,0.233539697061239,0.377174580189003,0.621389636062334,0.87605871957959,0.993875329354829,2.90466396895305,1.48307273425413
"U[777]",0.831817035539021,0.0895547075177386,0.104258279011596,0.605219731825236,0.747829846787068,0.875708734135966,0.923974445892996,0.936202194667904,1.355327542048,2.18938384451954
"U[778]",0.328791019020545,0.154939064350335,0.156527613824676,0.1626818769465,0.174310407336333,0.296539843626274,0.488343900182923,0.535077186786859,1.02061059257075,12.5330375817455
"U[779]",0.383912986116438,0.163526110548952,0.16368093624973,0.210800938232041,0.220877790858734,0.375458143640658,0.547813112346171,0.566101956189275,1.00189448638332,23.5433461032219
"U[780]",0.62508353869348,0.0792690032738523,0.262561755921128,0.0522902353093738,0.434442210537256,0.652568829916848,0.865159953196189,0.979641777702621,10.9712507590992,1.09199719003776
"U[781]",0.138653465328311,0.0223010438190989,0.0230234475261276,0.108927575185587,0.115718701788704,0.135963331980243,0.160633841153351,0.172034185624305,1.06583586147059,3.92349770323896
"U[782]",0.293781106796794,0.232705875015977,0.288389977798039,0.0462459728883058,0.0598046221231502,0.123324689584256,0.490725009756964,0.919425852307448,1.53583878756515,1.98821283919643
"U[783]",0.759619095949575,0.0495568233496342,0.0506158659558903,0.703898371288543,0.711175488581374,0.74551188931112,0.807685178813168,0.831910719412312,1.04319722476848,9.77156479865841
"U[784]",0.039145930709957,0.00525137194651896,0.0149283727992549,0.0183740458356096,0.0286738410605232,0.0357110756782436,0.0474426314058319,0.0748332760522537,8.08126567065632,1.29517701146227
"U[785]",0.685753315870207,0.125006271347629,0.125344849822794,0.556369349223899,0.560120554158426,0.675357004962542,0.808385150926785,0.834437686304037,1.00542431975678,21.8094795625315
"U[786]",0.729420427273184,0.0195045080388972,0.0207527999865759,0.705791327724595,0.710388421329151,0.721646098831526,0.749910232549408,0.765092861270665,1.13209637457122,3.20028185475334
"U[787]",0.337346402980333,0.271609706063028,0.305205141550057,0.0482945261728667,0.0709047040720382,0.147696514341593,0.608638113674389,0.889207439234122,1.2626794721407,5.06212584655092
"U[788]",0.949577835277631,0.0247055500389535,0.024745211228799,0.922984974145354,0.925042193799066,0.948132118830272,0.974464726228412,0.977387199552743,1.00321328810222,23.7987689574269
"U[789]",0.381499587929024,0.161213682254677,0.250151293174847,0.0616283993397282,0.194043761313176,0.283457136125612,0.549203476243318,0.936043880643381,2.40769632129541,1.39994840816611
"U[790]",0.0384128561016944,0.00442125139383244,0.00808044617622277,0.0244349988929741,0.0315483464243592,0.0384371022405059,0.0444611524700818,0.0537034826598616,3.34025993257889,1.35892401838011
"U[791]",0.134000072486945,0.0313850519966301,0.0323350253369126,0.0951156400478972,0.103060233806033,0.127424038635884,0.162840509686681,0.185900266940025,1.06145284686066,4.29261906250572
"U[792]",0.250595122585715,0.0640066478968895,0.0704112579873239,0.176896792444951,0.187075275544187,0.217141354381459,0.318475649756349,0.379868687619398,1.21013560942667,3.28176711095739
"U[793]",0.449048497690291,0.0635059770129426,0.0709905056747888,0.382809217557517,0.386628727031912,0.411210635402183,0.512867127805428,0.581707616898831,1.2496009184577,4.96767175925851
"U[794]",0.226401179736901,0.00498950137065777,0.0155858967548894,0.198907012858244,0.214577609997989,0.227425669391268,0.235872287956426,0.2613831692194,9.75774124919492,1.09149074361485
"U[795]",0.0390793672029332,0.00393990025737599,0.0166723167141205,0.00446610478349264,0.0292264194086677,0.038730446362791,0.0491922763418633,0.072977486004215,17.9069428992837,1.13486256396924
"U[796]",0.904541561069542,0.0472279152607928,0.0472627699204205,0.854287778369625,0.857453902105823,0.904966581855737,0.952195360286286,0.954979477949737,1.00147656406063,30.3998345313933
"U[797]",0.471213007709439,0.045069991925217,0.205532748051208,0.0505443589437685,0.391243549624358,0.443963641759832,0.505912476724027,0.981337609206197,20.7963490160093,1.03586020168595
"U[798]",0.713909740562133,0.0744397499441785,0.0746062441116817,0.633984243458543,0.639723749258743,0.710687974378633,0.7882566930129,0.799599708800768,1.00447826223332,21.1962874144434
"U[799]",0.611338592454492,0.0171904678704059,0.0179180929101869,0.581553451420736,0.594587111761149,0.616044454938183,0.628753954375244,0.632014523386409,1.08644607288349,6.16075149607438
"U[800]",0.810026658478612,0.00445605680471882,0.00521395901108227,0.798011249991518,0.806064740987318,0.811164250231394,0.814503398081439,0.816925341545828,1.3690956431793,2.36465803035717
"eta[1]",-0.289295360954971,0.0287074882757669,0.0446036758685645,-0.340384978406339,-0.320674405630647,-0.309609634370136,-0.255388952935455,-0.18061553254562,2.41407584233543,1.42770590101516
"eta[2]",0.00737927365236162,0.0197809673180613,0.0582138387281518,-0.149962123742647,-0.0051852185828979,0.0203458655259315,0.0327072998426001,0.104079290868069,8.66078835871903,1.07187349237738
"eta[3]",-0.641398962493595,0.117120805468603,0.130869669420103,-0.886172996494927,-0.782203486148159,-0.54719843085028,-0.528450641537952,-0.51070977849864,1.24856141571292,3.52512152347355
"eta[4]",-0.196221835096429,0.150134105735729,0.167960028674012,-0.556005307485538,-0.330223457261511,-0.0818747731793252,-0.0523090947176842,-0.0327027287917988,1.25156427285867,2.76868612301619
"eta[5]",0.153489750706384,0.0269211298011977,0.123378308605716,-0.153907344295199,0.137566169022037,0.155458132856843,0.181340872292495,0.43007791854794,21.0034704640078,1.03276957831654
"eta[6]",-0.117242847119693,0.102738561038786,0.111149005497916,-0.32830702142681,-0.204211887840487,-0.0599641029253413,-0.0158025784789541,-0.00112158488895072,1.17042665857903,2.78692542616407
"eta[7]",-0.309252228627533,0.144403216043224,0.18166884436585,-0.811740799385852,-0.431256244742393,-0.203712682369901,-0.170774622426897,-0.155062226228482,1.58273124471038,2.21993191681001
"eta[8]",-0.739649513157374,0.449404081627982,0.451304813168555,-1.30015572141465,-1.18002794721115,-0.682383541602071,-0.290529493052878,-0.273887896166178,1.00847678577823,16.2845496924105
"eta[9]",0.0251806043396452,0.101918752996993,0.17022032541629,-0.425995235817809,0.00346156220729987,0.112837633996927,0.126953331999386,0.170743074047832,2.78942462315813,1.56016586254797
"eta[10]",-0.124330658049281,0.128272689805177,0.130691818861778,-0.319731800597067,-0.252817811629231,-0.0963198353223639,0.00299199652319718,0.0212071356919488,1.03807420834667,6.39447051370615
"eta[11]",-0.936906446307682,0.287681768336236,0.289817881520207,-1.3067424878442,-1.24352507886804,-0.898218164562824,-0.649674967520148,-0.634223694460703,1.01490566328849,13.5428022312653
"eta[12]",-0.598537467691725,0.29709413711065,0.298566259990579,-0.989167077701892,-0.886791222314663,-0.575374315695702,-0.302034413104779,-0.282518832073875,1.00993469700756,11.3864185327716
"eta[13]",-0.595921631700763,0.297143068791986,0.298380423805569,-0.968172034681198,-0.882066948539053,-0.564259463950837,-0.298911286094419,-0.282014983241702,1.00834568545395,18.6378806705683
"eta[14]",0.717279073846872,0.219914975987817,0.237750227613399,0.481086972957316,0.504187553836133,0.607454801039443,0.882229089653566,1.1870676340218,1.16877865601918,3.19885556966582
"eta[15]",-0.123915237138954,0.0524024232218736,0.0950847466837857,-0.367438618315915,-0.163666054337618,-0.0793545193462515,-0.0656165057220386,-0.00809818796083912,3.29244832152482,1.79118929217506
"eta[16]",-0.284851253926284,0.0519857105539425,0.0801951016406646,-0.471590604431182,-0.305942563697486,-0.248308212340501,-0.230655450493732,-0.208321281304422,2.37973016417457,2.3827099913957
"eta[17]",0.193760382548196,0.0684894212552,0.107472641878238,0.014184615925886,0.122976732828789,0.136865253758422,0.279830577158782,0.426667859101087,2.46234474367496,1.6304852737439
"eta[18]",0.0379096406046931,0.0990844163370406,0.127209134410403,-0.224372240106981,-0.0768523632201383,0.11777147874336,0.136688750301444,0.156865707519621,1.64826062515056,1.73343598407813
"eta[19]",-0.685705978652256,0.310429271674118,0.329110991992162,-1.20340854894092,-1.04765588683975,-0.534105935141061,-0.381915624840761,-0.363542535332324,1.12398222492945,5.42528249080415
"eta[20]",-0.10811646816817,0.0970261959216995,0.0995343247167279,-0.266144518663536,-0.196886845716619,-0.088901166246773,-0.0115249765357036,0.0048783993832712,1.05236825697728,4.35476592184481
"eta[21]",-0.75755962885369,0.62479837201921,0.62566489603991,-1.4600013727665,-1.37872095191225,-0.709465452672684,-0.131909948793128,-0.122538290609084,1.00277569515058,27.1411639071411
"eta[22]",-0.423518541436443,0.502366896135879,0.502794392065958,-0.974509180848317,-0.927045989807395,-0.395728766431321,0.0787089653979868,0.0914515146700494,1.00170265128973,31.9665651959427
"eta[23]",-0.528988589831478,0.412394445154715,0.417279695601865,-1.1095958660296,-0.940920128358103,-0.407726757529091,-0.117248497098382,-0.109324183243162,1.02383245456575,6.38569643157282
"eta[24]",-0.638119695359687,0.486285508308004,0.49781469412055,-1.34664312145208,-1.14600006412459,-0.407791400117052,-0.15502535204171,-0.141000446022954,1.0479794543811,5.33054577151669
"eta[25]",-0.639791640425311,0.404264944399789,0.424388922538877,-1.38721009505459,-1.04003546228768,-0.402022529622292,-0.238896630228556,-0.226669853362149,1.10203633041834,3.48242917070869
"eta[26]",-1.07916341061068,0.582012079336391,0.582791924522791,-1.72827687130283,-1.66304838523284,-1.04793408201384,-0.497487706711168,-0.486440534846738,1.00268162011138,37.243395159949
"eta[27]",-1.30862359839592,0.858548525690916,0.864250639903674,-2.43786446649625,-2.16275487150625,-1.15749150612165,-0.451587268925101,-0.439396647413326,1.01332726002191,14.2027607696885
"eta[28]",-0.501334310415038,0.405374422407836,0.425310651291775,-1.24334589057954,-0.869197233715657,-0.299220658429548,-0.0996646455972516,-0.0889548310378012,1.10077823132283,5.57990502196003
"eta[29]",-1.36442542435656,0.801633360821536,0.801894405995096,-2.20849125069382,-2.16557271836991,-1.34396299071783,-0.562496797040906,-0.554376912308671,1.00065138925076,53.7695982167231
"eta[30]",-0.55602063661554,0.241766455644951,0.242615943927088,-0.851442229555463,-0.79122619482372,-0.531744003484109,-0.314325650813189,-0.303545498526115,1.00703969201941,12.3316788798543
"eta[31]",-0.124348027561119,0.324271101715657,0.332222689904171,-0.599204906983014,-0.454525265208322,-0.0170889762649855,0.198306491880963,0.211960277975189,1.04964414199441,8.3243149622999
"eta[32]",-0.583947171971543,0.457611919176163,0.45886844108618,-1.10393938765037,-1.05118619886091,-0.529931360677727,-0.125773824870616,-0.114116296996111,1.00549918807384,18.4032606048662
"eta[33]",-0.348235182737907,0.359262395429208,0.372638101509331,-1.00364718325888,-0.711980891883801,-0.19237131453558,0.00549450519219601,0.0188426026193018,1.07584819260724,4.41554522878339
"eta[34]",-0.972125106528132,0.491886233125387,0.492408878319973,-1.51988094519483,-1.46755137847809,-0.942483979996797,-0.479779812420478,-0.46691457695525,1.00212619432368,32.5078775479953
"eta[35]",-0.66689614237582,0.40702201388977,0.421427001245275,-1.44517326037023,-1.00732612190268,-0.536129115490918,-0.265494639862535,-0.252438760086006,1.07203488543618,4.24193133493471
"eta[36]",-0.476962611542804,0.417883087742383,0.433019383553911,-1.20292359753373,-0.915837808678391,-0.251064583974331,-0.0629555367613751,-0.0557814848292121,1.07375471709938,5.22826226071325
"eta[37]",-0.930069090477735,0.602467187059781,0.603008863710533,-1.60252334974845,-1.5213563016571,-0.910410872088026,-0.326335848315674,-0.31608220857096,1.00179900307407,31.89477779191
"eta[38]",-0.109289580388592,0.252929789350024,0.269912817906495,-0.573511906772857,-0.34532088335679,0.0408804276430644,0.138445819312573,0.15162105056585,1.13879893918376,4.16182175111362
"eta[39]",-0.727632470641268,0.591785819318749,0.592875937690453,-1.43248541342161,-1.31101611365532,-0.689158288515731,-0.136502273036129,-0.124272432224848,1.00368755850558,17.9596145505708
"eta[40]",-0.777226184504452,0.458909491128637,0.459792469336096,-1.3325226562249,-1.22912524396697,-0.740280264220407,-0.317567881297368,-0.309896180296976,1.00385186048468,16.2919475858813
"eta[41]",0.370666547709955,0.0516581825529798,0.0689701389821312,0.30201445511894,0.316598350435313,0.328972183805984,0.42010449369311,0.545821709514252,1.78255917920703,1.77993189429351
"eta[42]",-0.758961351713209,0.415342297618762,0.41738668969481,-1.28405572215444,-1.17372600197598,-0.713293084503004,-0.344145027681909,-0.32983330717767,1.00986860007713,16.969088511661
"eta[43]",0.325691225050961,0.0304998605840199,0.0641014782467943,0.192486807390723,0.287106299213844,0.299522623899988,0.379639148129504,0.455567929683083,4.41713203793034,1.33082372208698
"eta[44]",-0.0893704429390929,0.0756922566988352,0.192793622408097,-0.545518190079481,-0.116170755549728,-0.0533528361635195,-0.0375208632798777,0.307440402208224,6.48757542010294,1.5750105613994
"eta[45]",-0.268498922082635,0.0652932166316029,0.0854957207969944,-0.496363512391827,-0.317767896660674,-0.219104213575495,-0.205271960842795,-0.18824113242116,1.71455976252004,2.13899694597375
"eta[46]",-0.505517124055027,0.332659621500823,0.349131818599857,-1.10305102902035,-0.824889108837576,-0.368743220198465,-0.176107523490738,-0.162544367262003,1.10148524312459,5.83605993192683
"eta[47]",-0.495432367443019,0.252365194834814,0.345921011159468,-1.32578827172896,-0.660866713739583,-0.260624994696724,-0.243072390222456,-0.227470728245316,1.87886236087134,2.43995919102248
"eta[48]",-0.056867522064819,0.14437581803787,0.213749115984515,-0.464935548704099,-0.246758167519382,0.0792965944716567,0.0940441698821019,0.226783256907171,2.19189496274167,1.78685317160625
"eta[49]",0.195713888965291,0.0371687843113154,0.103624341848974,-0.0627212510660777,0.171256311206654,0.18448625471146,0.267901938079216,0.374023212192949,7.77260964103271,1.358460121306
"eta[50]",-0.523422005376817,0.343250816010692,0.344750389847137,-0.965451609835394,-0.872102457181708,-0.47378944658769,-0.181125713874108,-0.16718283064606,1.00875656744881,10.2082658119474
"eta[51]",-0.612705656846821,0.208156118506694,0.21455979564881,-0.979824498895065,-0.810869276229861,-0.521610401582603,-0.405817132055775,-0.391167455162006,1.0624740504469,4.38850834109858
"eta[52]",-0.41442101183826,0.214322415363076,0.24352216537481,-0.869178962529851,-0.641463854151078,-0.227269190350766,-0.205623104641431,-0.190169204173703,1.29104625895148,2.52543039166249
"eta[53]",-0.129535030716493,0.0757184142263364,0.240998050629191,-0.76753733284002,-0.202130943837008,-0.0320209540879886,-0.0192448418681402,0.252826337069396,10.1303404168766,1.16379546177805
"eta[54]",0.0978087878903245,0.0624165533093918,0.0757288144055786,0.0201314902717065,0.0349871907188678,0.048945573200285,0.172283482621613,0.23004921439435,1.4720506368325,2.03312058467972
"eta[55]",-0.753842572073873,0.579667356048048,0.579957827564509,-1.3774251771406,-1.32779415579776,-0.738841166210019,-0.173626738996909,-0.15873432544937,1.00100245180661,47.1473873981913
"eta[56]",-0.39461944238063,0.0423347052856583,0.0679931412533073,-0.560427031079049,-0.434844649663188,-0.363560531405851,-0.350403517468905,-0.313450872605973,2.5795094911731,1.45716209739959
"eta[57]",-0.855636137701334,0.261249622460551,0.267005813554419,-1.27074114806477,-1.11298679480439,-0.765507477512305,-0.597653848711067,-0.58454168734378,1.04455206464475,5.50657163363984
"eta[58]",0.403609529103067,0.0382696197227385,0.0596484762111747,0.236059993576675,0.387760876604448,0.428857462967601,0.442745516442962,0.460086817038186,2.4293518176293,1.8250234521069
"eta[59]",-0.270938738407914,0.0958719064372237,0.197504338764646,-0.749915943318091,-0.350568718238844,-0.20645842269723,-0.193234646072471,0.0376330250060864,4.24395288856679,2.11697317817581
"eta[60]",0.321944184084979,0.0809441834338372,0.214241038922817,0.00579733589123387,0.218453812152063,0.229691157169352,0.407307725203192,0.950510627043163,7.00541775771323,1.18795072227718
"eta[61]",-0.0428843558704726,0.0754927512933951,0.106632129218562,-0.273017612531227,-0.137131248552096,0.010534582989545,0.0448940587177932,0.0617645874840195,1.99510453539666,2.36160491426404
"eta[62]",-0.521508453141378,0.148641574344331,0.152916644615944,-0.748206404598815,-0.668250919055692,-0.46484191411815,-0.369590690241492,-0.349263556911293,1.05834905603343,4.88081119859147
"eta[63]",-0.808967794649754,0.428378486466099,0.442823938294874,-1.49058456734661,-1.26259069112558,-0.665620872685068,-0.379106065937283,-0.360118150216633,1.06857959274063,7.75020603992713
"eta[64]",0.0432128235491202,0.0755578850215822,0.243820098069825,-0.547851016602555,-0.0412070076447953,0.112080905752748,0.144446850443352,0.432135486080516,10.4130850966044,1.08393558375328
"eta[65]",-0.189092127743123,0.186523556412144,0.261295303887301,-0.717523321321503,-0.423327782013355,-0.0303650077286302,0.00559396267465245,0.118145705606076,1.96243749917308,2.03777565558832
"eta[66]",-0.395921545372271,0.260647606022652,0.268069272411377,-0.81063004725646,-0.65841940352883,-0.294311893649801,-0.132705297419124,-0.110209307064929,1.05775866178187,4.34592730286202
"eta[67]",0.156492022529691,0.0207680821236667,0.0564581864439389,0.0144741280510302,0.136870327301169,0.160209331950711,0.194732028105344,0.248013513378125,7.39028287836751,1.17797825951444
"eta[68]",-0.508359072236227,0.325395602973919,0.326824720943295,-0.891640615592732,-0.833866518062544,-0.474291685778102,-0.180643229448942,-0.159689870255233,1.00880316916691,24.1141330944347
"eta[69]",0.305618562208279,0.0481325793129107,0.0612678664451009,0.136348309825837,0.267028088675482,0.32310152593505,0.356201021696086,0.384144396699848,1.62026945078335,1.90300666044388
"eta[70]",-0.770954597609965,0.421210071621559,0.422070653907761,-1.26218379458289,-1.19087358402188,-0.748199104087395,-0.345612597493684,-0.326007978826765,1.00409041226807,20.5834603857945
"eta[71]",0.0957833035412856,0.0313014761644392,0.103334601717603,-0.0708184974547825,0.0428283037083659,0.072125875121834,0.111991815630654,0.4077759269173,10.8983788669369,1.09525375623147
"eta[72]",-0.0567836751579061,0.0625226221820095,0.160844688604864,-0.410636582196016,-0.144304144148836,-0.0241161544970612,0.00920833717815689,0.261929884972796,6.61818770805456,1.539982484668
"eta[73]",-0.630012693771969,0.296656315787528,0.297070170623129,-0.960600857556994,-0.925002981892809,-0.614918481003202,-0.330820959195679,-0.313030698028532,1.00279207615516,28.8308439281302
"eta[74]",-0.210875059955455,0.165366143607455,0.218027287740874,-0.784943571470391,-0.33486952168748,-0.0721107875218286,-0.0428754882404823,-0.022641653975066,1.7383151177103,1.8577630637206
"eta[75]",-0.381760224900836,0.271177823612776,0.272438554548584,-0.711610364723218,-0.658055134722879,-0.350250811804672,-0.107470451939075,-0.0816633110760129,1.00931980017163,13.1608992549081
"eta[76]",0.00993889601919677,0.177507163568706,0.257654499048609,-0.540772899943294,-0.176924743336332,0.164740808387344,0.196127710210066,0.297568838202539,2.10689887838418,2.1627641524407
"eta[77]",0.224663954049418,0.0890988299336466,0.0910351768138396,0.0939283232030739,0.134680759843752,0.242102906973997,0.314655434840383,0.339666176698603,1.0439374519779,5.72848885822516
"eta[78]",0.499411352966733,0.144591707190951,0.148434343538219,0.327891694072351,0.357266352983126,0.446127907402817,0.634593617609035,0.742201979394218,1.05385781713232,4.55953896631849
"eta[79]",-0.379363946868364,0.203573887785839,0.205115591311846,-0.645117434652985,-0.584553853710159,-0.349755638820432,-0.175507432111367,-0.151356431654919,1.0152037311752,8.91572416962141
"eta[80]",-0.643039604304854,0.330396043857094,0.332398378736417,-1.05959220264159,-0.973267044461927,-0.614322864490257,-0.31097681996233,-0.288072487478056,1.01215754486158,21.966099771306
"eta[81]",1.03587903877584,0.763499899888269,0.769678677061894,0.247893526725591,0.273157330384477,0.905473381977643,1.76025557516223,2.12596150763907,1.01625089584362,8.76937487502942
"eta[82]",0.747629649927078,0.612225015560955,0.6161518583963,0.111717527531191,0.136574094024804,0.636404436830795,1.35755728255431,1.56754945710614,1.01286924324059,9.04263060720624
"eta[83]",0.240535741049605,0.575018777973043,0.581123850965164,-0.356236376106372,-0.333196961714833,0.100218162265692,0.807515948606372,1.07003240268927,1.02134706736813,7.65027958040657
"eta[84]",1.08703281985978,0.826695926702338,0.830312295821261,0.234194441411503,0.261329125577478,0.941346731762354,1.92650111328649,2.09782616881813,1.00876810657583,10.4184420038125
"eta[85]",0.597948566107955,0.65076483527518,0.665088755015687,-0.0713621441326269,-0.0484589667143378,0.379713309677923,1.22048518715269,1.6199538633692,1.04450627980597,8.06567872364253
"eta[86]",0.387590289561947,0.578066806772744,0.583059020132372,-0.214098708329318,-0.188276960244501,0.250843386520743,0.971215540454587,1.1736398925018,1.01734667966012,7.31740913545593
"eta[87]",0.452413862724034,0.651568246166207,0.658091305007828,-0.222297572999301,-0.197408992876947,0.287732560284735,1.10738439643867,1.33525085850714,1.02012286847328,6.90668754664844
"eta[88]",1.1101242044829,0.804785726277847,0.808126993435569,0.279438153917289,0.307372761619224,0.963878830656996,1.91523681542719,2.12221335263138,1.00832073208369,10.9615362475452
"eta[89]",0.614845876605298,0.71681943160588,0.735675987195577,-0.117168587872121,-0.0935321697190201,0.333403527755994,1.2590653603466,1.85963306934532,1.05330372965731,5.28938468838962
"eta[90]",0.673317210800407,0.653873589652026,0.683995990569158,0.00533184164587847,0.0269177286315614,0.385650540009018,1.3085372365785,1.7703707770228,1.09425746836734,3.43848580104937
"eta[91]",0.276128351748634,0.437866559297827,0.4590973336562,-0.17895877738094,-0.155879180080425,-0.00917002604632558,0.695941872818545,1.06480729488065,1.09932469463014,3.62765880261426
"eta[92]",0.760938085747081,0.659846870590808,0.669303139234246,0.0793893552965858,0.104419827789282,0.535086817312906,1.42243077068455,1.6998419445109,1.02886738721783,7.07114280976045
"eta[93]",0.328564398875699,0.481172888130942,0.490260251145216,-0.173348334096703,-0.149974247754675,0.12777023432933,0.795796650193887,1.0752871653903,1.03812839237599,5.26420278327782
"eta[94]",1.27990747598654,0.943237718255312,0.946396366638083,0.312293390859683,0.336851204710747,1.10348087941526,2.22895775776199,2.40004375053523,1.00670867386181,11.9383904421055
"eta[95]",0.707880716407735,0.792974981464813,0.797915921832619,-0.10665642227079,-0.0830346891805131,0.517119885409398,1.51363981707465,1.74918128528014,1.01250060522244,8.49967001205451
"eta[96]",0.75076461422482,0.737492634167505,0.741191630757494,-0.00810692588622776,0.0132392488587937,0.618033705440667,1.48756433696896,1.69053882246746,1.01005643401275,10.1005012315686
"eta[97]",0.989477645537339,0.744281676121931,0.747842186820666,0.216929378930509,0.246148942538798,0.8563174273752,1.71895257571063,1.95503078150587,1.00959052798715,9.97397870473995
"eta[98]",0.551893154891303,0.637305472165299,0.642421299027173,-0.110478994856392,-0.0842245607542401,0.43630388196556,1.17509471630944,1.43838555277749,1.01611898897174,8.65574685489569
"eta[99]",0.889570902276198,0.684084635038308,0.691678842182635,0.182180607151465,0.208756091877902,0.663197227996818,1.59586797966082,1.80203881531948,1.02232577496733,7.6909826097268
"eta[100]",0.0441004687625085,0.316390923633314,0.325623406363603,-0.295085065280901,-0.268346189788246,-0.11924950669496,0.361998048982754,0.561633758495375,1.05921274478615,4.17052282980505
"eta[101]",-0.502523386804063,0.55572003381304,0.556216288843697,-1.12181173789281,-1.05266460446151,-0.457376481041531,0.0517215372048962,0.0637615102837589,1.0017867867883,25.510624739536
"eta[102]",-0.0808751452905479,0.370315264944521,0.386112073260896,-0.693916966630735,-0.498643199571121,0.149877985165348,0.282493616049026,0.292177649530308,1.08713514040548,3.80287767079093
"eta[103]",-0.522498656059753,0.474472535878105,0.485986117955053,-1.23610242507673,-1.02179962401934,-0.346038702672067,-0.0534099197432368,-0.0440571307682937,1.04912097484913,5.14794272727801
"eta[104]",-1.13730766952013,0.950492982373313,0.950777206518351,-2.12749431607295,-2.08827152549858,-1.11139533486272,-0.187239578973116,-0.176955164497227,1.00059814569033,59.3695502412569
"eta[105]",-0.79584038759891,0.662697648279888,0.666944427366481,-1.66418826118936,-1.4513807591276,-0.632616178884202,-0.13358974161969,-0.121995721786459,1.01285770806312,9.06147758574984
"eta[106]",-0.619030786930134,0.53625782913486,0.539198657860743,-1.30593245619162,-1.13580103152535,-0.529000388740503,-0.0819077909775279,-0.0746480432537228,1.01099803972188,17.2466241723864
"eta[107]",-0.755369639801512,0.584745597943963,0.589502275017166,-1.56847693260057,-1.35180460017215,-0.63118864033568,-0.170623623381832,-0.161662950235053,1.0163353907927,9.32629229176461
"eta[108]",-1.58445957936615,1.00800061013463,1.00834756629555,-2.64366207754053,-2.59049496281021,-1.54942393398361,-0.575699917846541,-0.566815591820163,1.00068852313975,53.2231706844141
"eta[109]",-1.09057222376492,0.689516919504406,0.689832227142979,-1.81845189178606,-1.77748078286147,-1.07436619460305,-0.402310586098095,-0.388558461476759,1.0009147846059,65.3855963851867
"eta[110]",-0.0357573666934126,0.244356499234479,0.256037563426033,-0.45442857184437,-0.286792082069747,0.128152681765575,0.204007229448983,0.213884963692761,1.09789190258423,4.67408616412128
"eta[111]",-0.918842133913972,0.636550503193258,0.64136658069043,-1.77863485055984,-1.52994598582155,-0.823631205931046,-0.282635749089168,-0.273571101028858,1.01518904298546,8.76937166819429
"eta[112]",-0.513579310521616,0.597045883403469,0.597422519133178,-1.15638457206138,-1.11645357968859,-0.484041083800906,0.0834873915172624,0.0915124819902863,1.00126206222048,32.591760258606
"eta[113]",-0.98529912489819,0.771597238629558,0.773961300458686,-1.90500347758977,-1.75253294636455,-0.915287563012171,-0.215056378787655,-0.203025707788729,1.00613709661354,31.0825318296333
"eta[114]",-0.799212325317301,0.530182114783406,0.577392104680004,-1.84036355498544,-1.34979190978382,-0.478645232916109,-0.276619251046914,-0.267940864257126,1.18601869768962,2.76559077924168
"eta[115]",-1.17937566338845,0.765098577237986,0.765346289597191,-1.98216752421573,-1.93869404595852,-1.17025940761092,-0.414407876456999,-0.402735775146771,1.00064763539472,84.9389250882566
"eta[116]",-1.31480054651789,0.992769642547301,0.993295115405512,-2.37315352127489,-2.30878894046006,-1.26242687318841,-0.32221241682375,-0.310681973760602,1.00105887992954,40.3913844679692
"eta[117]",-1.04201647044576,0.759534015740614,0.759710831468216,-1.81878235075885,-1.80413014036137,-1.03240327275499,-0.281179219955441,-0.27139505670617,1.00046564421039,81.6209722543506
"eta[118]",-1.59297923014134,1.04244058951278,1.04277634791558,-2.6920566672884,-2.63313426200662,-1.56401536547054,-0.549567171324885,-0.537906556156233,1.00064428127258,57.4447535973362
"eta[119]",-0.603944279038802,0.531536345709466,0.55283783214464,-1.62927265579789,-1.08044001564672,-0.387482248128764,-0.0798145637379023,-0.0701964923837909,1.08175666066462,4.23528463330965
"eta[120]",-0.879978654259086,0.456886149763885,0.458850869583276,-1.45451669500217,-1.3259104583939,-0.817739696905183,-0.423706248642685,-0.413810311556727,1.0086189708451,12.1644526799352
"eta[121]",-0.768754842713877,0.319619134905234,0.320052990413426,-1.13350034517691,-1.08221635409747,-0.752242618346924,-0.450410496638202,-0.438522168385407,1.00271667069686,32.0434305733926
"eta[122]",-0.949759826869103,0.367177436310266,0.368158603777635,-1.37137758198317,-1.32060699549869,-0.913319137503923,-0.582534054821766,-0.57062325743209,1.00535151838112,14.5926502056913
"eta[123]",-0.350962705546354,0.236661543829154,0.238410122484124,-0.655600423144738,-0.597999297777433,-0.30921044322912,-0.114150680061551,-0.105361192251555,1.01483163112303,10.2767647319092
"eta[124]",-1.06618740710389,0.295547726421177,0.295745228628923,-1.38426199267363,-1.36341877585116,-1.05553578412287,-0.772663453555778,-0.75356034537834,1.00133696307787,29.2905776048005
"eta[125]",-0.191515089575469,0.188012930121471,0.188860234413571,-0.419998956973025,-0.377599347197636,-0.156855579614324,-0.00347103612733126,0.00256861887617313,1.00903356523488,12.4287352386435
"eta[126]",0.0871336906260171,0.169139527240223,0.225860094446676,-0.386369384642795,-0.11888071282551,0.241118308906829,0.250441477049572,0.35991983555006,1.78315372886021,1.68870740394603
"eta[127]",-0.268816337551115,0.0875124529012365,0.093765665775707,-0.433161721481798,-0.354707705389779,-0.208536560777283,-0.183828118464208,-0.174140546256192,1.14801607542105,2.79229988320043
"eta[128]",-0.028126373258621,0.117230962023,0.117744474834837,-0.183512747218054,-0.141989676129443,-0.0132441733914216,0.0887670821197752,0.096882261663332,1.0087798903335,13.1238064873445
"eta[129]",-0.168755052733882,0.130931124971551,0.135450142483542,-0.380026162547677,-0.311546366657976,-0.11703032995075,-0.03923649551498,-0.0322313267334792,1.07022017484536,5.17057452086712
"eta[130]",-0.331496450327307,0.171253145981722,0.185437889587031,-0.665503209757281,-0.486568768884548,-0.234938349831154,-0.16453866683662,-0.153486111345323,1.17251885539937,5.60322929603192
"eta[131]",-0.31776673224357,0.355599887642632,0.367068053464938,-0.873867620853965,-0.705906906004373,-0.133511641957087,0.035349494806262,0.0435581468459195,1.06554046568048,5.10356177613651
"eta[132]",-0.34936884795605,0.152583825261234,0.161396954902686,-0.630606956374928,-0.513379562904447,-0.285469413473304,-0.198330471455987,-0.190442000699412,1.1188546632961,5.71958303931151
"eta[133]",-1.19259195740789,0.547126704542396,0.547437118323607,-1.77982358949488,-1.7369436380413,-1.17435149829251,-0.645265656651422,-0.634865593910147,1.00113502717258,53.3418927065638
"eta[134]",-0.170241636827058,0.096801926712157,0.15585530915592,-0.520443265746368,-0.188374484180999,-0.0810754424261697,-0.0716381966178806,-0.0615155218901574,2.59223994766639,2.53885316028398
"eta[135]",-0.671830042869727,0.48709612889015,0.489918861869471,-1.27456296326088,-1.16416783715767,-0.592397143833178,-0.185791200194726,-0.175323110809917,1.0116236270906,9.42733941664912
"eta[136]",-0.146745310125722,0.183767514640516,0.184406133138403,-0.360018491416689,-0.334842818986001,-0.123529969960749,0.0366236706818615,0.0468040295827387,1.00696236377385,16.528247955878
"eta[137]",-0.328442576925788,0.285508714381456,0.286195162151973,-0.659570575386671,-0.617212141531376,-0.280818511404094,-0.0434473181099115,-0.0340105105867886,1.00481437482,17.0699277998299
"eta[138]",-0.501778172753116,0.0668181945696655,0.0839966600873691,-0.673008257835303,-0.574662941926388,-0.447113963122105,-0.436713550878108,-0.425305087287842,1.58028188581625,3.92724029873031
"eta[139]",-0.629375994943137,0.452870282814824,0.453052806667238,-1.10842658438995,-1.08195030604465,-0.617230776646346,-0.177223880876667,-0.167762843289351,1.0008062380834,46.4930289092792
"eta[140]",-0.446374914074677,0.311016745281106,0.326688851505417,-1.0233788041196,-0.750603842989503,-0.192442140481143,-0.143025874982719,-0.129616602350967,1.10331896587417,3.13639665539022
"eta[141]",-0.735166000488812,0.537511210179099,0.540417149267281,-1.36964465478497,-1.29622514955395,-0.620456001817983,-0.198708428225734,-0.189550433326708,1.01084179902206,10.3356261742125
"eta[142]",-1.29118539539652,0.874019384994715,0.875726260659258,-2.28158274306557,-2.14723548186318,-1.22155959709381,-0.418973614725186,-0.404465572169795,1.0039096211726,35.9792030027731
"eta[143]",-1.46809341883181,1.04355529866198,1.04405546224276,-2.56662682226473,-2.52256536915814,-1.42978165323078,-0.422249025095569,-0.412752292458572,1.00095880581054,47.6512831697405
"eta[144]",0.00149088215882586,0.354878175684905,0.355615495102951,-0.400995829724796,-0.357106348249286,0.0335444295523518,0.355913167370002,0.363887041729441,1.0041596548985,21.8181975023216
"eta[145]",-0.956497019777912,0.61188392897747,0.613614616810583,-1.73340047285772,-1.55204527214344,-0.900629646686744,-0.345352669952279,-0.338545084169038,1.00566491564734,14.2469630656186
"eta[146]",-0.343134125993859,0.436392622356876,0.438067782910079,-0.905823638829415,-0.766274153413567,-0.284125208984342,0.0930839950125539,0.0994474943749633,1.00769204449668,12.483885050885
"eta[147]",-0.233420900180069,0.431606220102747,0.436062652174814,-0.806491521342889,-0.658565690333689,-0.123429765528413,0.196658324655884,0.202960240310021,1.02075706372689,9.97111980505902
"eta[148]",-0.0418277792050279,0.365753791838241,0.365885745147053,-0.426473788167036,-0.406192726296558,-0.0314051959963498,0.324406473832639,0.330589366622352,1.00072167186895,51.4611076429509
"eta[149]",-0.360400230479056,0.290743299963684,0.291907165853251,-0.70702783430664,-0.656207376777741,-0.302954645012927,-0.0704346527981382,-0.0618337734158964,1.00802216531381,13.089784677199
"eta[150]",-0.158629342454486,0.322265510471479,0.325549528375956,-0.587203265048081,-0.485099350189451,-0.0698310370612159,0.162691573775296,0.169057901547423,1.02048466585975,7.66558121724697
"eta[151]",-1.11679196337649,0.608875872738456,0.609097675864531,-1.76582510307733,-1.721442065444,-1.10341795473767,-0.507513764028063,-0.498251174131179,1.00072869869069,50.3736562754502
"eta[152]",-1.26331792997309,0.849507852756319,0.851311977875112,-2.24740041415366,-2.11311694914909,-1.16740083687913,-0.414820475608925,-0.404549546469323,1.00425196977296,16.0278787625196
"eta[153]",-0.82577862180517,0.72031922977369,0.721153251662427,-1.61814163150242,-1.56035223572402,-0.776176937628776,-0.105987268866017,-0.0977316536185682,1.00231704136311,32.950959544188
"eta[154]",-0.743783513634547,0.628708456064482,0.630117901241584,-1.44302038646233,-1.4069758657176,-0.68435453476846,-0.11602487322831,-0.10662520957059,1.00448864658314,23.8878616822026
"eta[155]",-1.30185043070061,0.83611421575324,0.836401070393626,-2.17008812530878,-2.1446401174479,-1.28479390227873,-0.465146967538453,-0.457623556830426,1.00068627908036,55.0924806641377
"eta[156]",0.071453700840558,0.439964428781478,0.441227638895378,-0.460896297288355,-0.356226727680191,0.131884561466143,0.510695035530389,0.519557318948181,1.00575057196886,17.8638443876325
"eta[157]",-1.52073120920505,0.823371220758941,0.823813919479965,-2.42318218841414,-2.34046339487304,-1.49166511381231,-0.696911577228612,-0.689153323834995,1.00107562110962,34.8056578484736
"eta[158]",-0.415205114274639,0.397458343136873,0.398606874770245,-0.877329629775273,-0.832016557054507,-0.376117508395975,-0.0181929884361987,-0.00963748344557297,1.00578773148814,22.0981317732512
"eta[159]",-0.498262095293571,0.746479391848374,0.746745285030071,-1.28493456083493,-1.24417208010843,-0.481068216211885,0.247518125211275,0.259298401146965,1.00071251943371,52.4810786349453
"eta[160]",-1.28262287675728,0.818096546160833,0.818435871488958,-2.15351704104331,-2.09778116635429,-1.26385907123195,-0.464188411487472,-0.455937147354935,1.00082972040748,52.08706785937
"eta[161]",0.798310843009912,0.673566572403092,0.674942308931748,0.101483944564016,0.125247859665909,0.748261842192545,1.46332599346726,1.59912053135011,1.00408910279198,16.8782116505392
"eta[162]",0.506915426684069,0.598279240725633,0.600171524139509,-0.113757299168222,-0.0903828910958449,0.458894726531963,1.09080683401689,1.27421918139001,1.00633575699885,14.8001871882458
"eta[163]",0.0373354988343497,0.40299597116616,0.417973336417357,-0.385409996795267,-0.362454745198515,-0.142991940044378,0.467883455243436,0.694589281781369,1.07571134008195,5.23454280323483
"eta[164]",0.502323144362249,0.509969136499141,0.521425449950318,-0.0279850922884668,-0.00354159536621428,0.297250786359836,1.05454442780705,1.24178033276439,1.04543410200495,5.63570499723674
"eta[165]",0.306063081010789,0.373593921176863,0.394586456773242,-0.0814375676655769,-0.0588928842429535,0.0507064532601639,0.653700286250964,1.0700502256207,1.11553897372083,3.90821146401089
"eta[166]",0.0722751542935987,0.313038441999638,0.320266398425681,-0.262764635878257,-0.239119040241618,-0.036002672071394,0.369011405766103,0.562834558868861,1.04671248660671,7.09940543274446
"eta[167]",0.605650030696802,0.568175894168175,0.581341105856035,0.0205061806584949,0.0427326048147122,0.401663988629288,1.17772582055724,1.50914705289554,1.04687892421259,4.76205309719774
"eta[168]",0.523373288667261,0.458139572555772,0.465516156311169,0.0445341108380436,0.0675966392071925,0.389265943226845,0.97634977577176,1.2071358991363,1.03246159039871,5.67992648777481
"eta[169]",0.495218180291999,0.493380621315276,0.509881696463049,-0.0131731109628134,0.00771536031005046,0.304333357204138,0.944997103818139,1.35116631982464,1.06800840157762,3.98994854533715
"eta[170]",-0.0766782049873467,0.395978741589257,0.402599777165882,-0.489577039647853,-0.470848911406166,-0.231165458508178,0.315995936681334,0.488614593918053,1.03372095013509,5.4235306144224
"eta[171]",-0.351480553806364,0.0455382374672345,0.0890326827693654,-0.502355684532597,-0.402609273169925,-0.38256551103618,-0.310375689040142,-0.124744891753978,3.82249111737978,1.45975877931397
"eta[172]",0.316829765863107,0.539639849541655,0.559419772139342,-0.238529154661088,-0.215353192666372,-0.00395314937540316,0.908373516120263,1.13787553591959,1.07465137568425,5.05612147575436
"eta[173]",-0.00780027562254616,0.362612624054597,0.378410725915632,-0.388645822872566,-0.367092068562716,-0.156562837563004,0.307023603005919,0.679685219428878,1.08903299100314,3.8266667935697
"eta[174]",0.574632805023499,0.505632662362207,0.511359621828099,0.046163217678437,0.0717665610567619,0.432706184421932,1.09341656690352,1.253898484557,1.02278093404336,7.98778902888294
"eta[175]",0.484968063909873,0.629120460459563,0.631134262652898,-0.163931883202467,-0.14395911133216,0.377288470927149,1.11532833828273,1.23311524982818,1.0064122068528,13.0082241054492
"eta[176]",-0.0729726836689888,0.221092455494141,0.227384912484155,-0.314358944479298,-0.292912750964849,-0.18395623985361,0.147356915917015,0.276787764220587,1.05773151324215,5.09857197609598
"eta[177]",0.790847982898448,0.643266569386798,0.645126163044741,0.124811229841363,0.147886461195683,0.700226873320489,1.44660038215584,1.55585906555369,1.0057900772685,13.5610958921738
"eta[178]",0.472925156299661,0.624189915899754,0.626387750333854,-0.17273022674681,-0.15126206332297,0.393778642699567,1.09000665927056,1.23161240726234,1.00705459596265,13.1347620562601
"eta[179]",0.00113414725594278,0.300944031719628,0.320856057883058,-0.317027667249417,-0.294539751623523,-0.259934648511968,0.320249227110704,0.570054131262412,1.1367082628541,3.24972340299924
"eta[180]",0.210834313850947,0.322066084551082,0.339802967256501,-0.124882477405227,-0.104538413303972,0.0543857961105364,0.478598462424489,0.890147666153513,1.11317731369204,3.42077332997171
"eta[181]",0.00815738135513976,0.0341070856471905,0.147503849355701,-0.395630168367866,-0.0261260794007064,0.0410760028426786,0.0764831000583082,0.258394176672955,18.7032674705769,1.09796735873187
"eta[182]",-0.89123980665731,0.4638223722477,0.465786418280177,-1.48758614366997,-1.34763529239934,-0.843307198923233,-0.428696435715577,-0.404431953690671,1.00848688854161,12.0061194753008
"eta[183]",-0.0965456712824287,0.152159540364488,0.162237802465943,-0.38602620547896,-0.257140607193912,-0.0029320285191676,0.0502483284092955,0.0781603893677209,1.13685672409256,3.3287938811827
"eta[184]",-0.591185722064061,0.113606073093888,0.122083348719193,-0.822389959975106,-0.697902656236154,-0.536903958761143,-0.480083900860096,-0.455933945143753,1.15480796374936,3.60482066570477
"eta[185]",-0.387398114217169,0.0892810380021014,0.166454819150855,-0.782111961882956,-0.503271959648252,-0.300621758920987,-0.275407961255035,-0.176697571202098,3.4759561158517,1.39454634735025
"eta[186]",0.760363604999709,0.162117536691655,0.188594122462291,0.572444919385854,0.603130445600857,0.64202500470434,0.884344575470115,1.15192813849234,1.35330695958549,4.06287463529647
"eta[187]",-0.217034165533092,0.0629080943706431,0.130368425303819,-0.516379318586164,-0.289670665766305,-0.171462301023891,-0.136902366913434,-0.00137448615374373,4.29468959824467,1.9897632055017
"eta[188]",-0.180911449919707,0.191939002090344,0.232444372349124,-0.694519343373856,-0.323656391575972,-0.0312844334198174,0.00220658152555499,0.0291178992202984,1.46659975139115,2.13021230021717
"eta[189]",-0.200824763775369,0.156197326848474,0.160591477169969,-0.437537369923692,-0.359438760740559,-0.156132395977207,-0.0475982697474059,-0.0201735815037738,1.05705550318959,4.6534574915031
"eta[190]",-0.170460214685084,0.235102643681527,0.235935394491794,-0.456846929538484,-0.40168861723202,-0.157713616700876,0.0630448215353281,0.0874240304517832,1.007096692997,12.8352502741672
"eta[191]",-0.174335066258866,0.174203910654094,0.181999085491868,-0.465065044234338,-0.344674378925165,-0.0891861975570661,-0.00362210659335309,0.0242686919157275,1.09149716298569,5.15143128311939
"eta[192]",-0.407335903771323,0.167234041422861,0.168987877811091,-0.653051780911137,-0.565589400577528,-0.391747574732612,-0.241661425485451,-0.213746469476596,1.02108461760804,9.88745842463768
"eta[193]",-0.911785316819237,0.36045364151471,0.377035609309144,-1.53776686231474,-1.27573479119596,-0.670420665554305,-0.555904482790223,-0.529519300628282,1.09412238583941,3.66268919515068
"eta[194]",0.186095113501865,0.0614371230015805,0.135945005039454,-0.186927848768831,0.205335829690318,0.229685983863596,0.255378993132258,0.348768419578251,4.89626336334171,1.95092034714445
"eta[195]",-0.517700343266695,0.378791722716204,0.380020294876854,-0.968340991786343,-0.898319087747994,-0.484141620987189,-0.138362494821187,-0.113060146515026,1.00649731480835,22.0159731856573
"eta[196]",0.177431248005461,0.151554890633625,0.15290510515646,-0.000854461427189881,0.0269681653099204,0.155544728103282,0.323389263490039,0.376496280764103,1.01789753007931,8.03623492859533
"eta[197]",-0.520474785548986,0.168758804949421,0.170666442530764,-0.767092248718738,-0.685880768940469,-0.488594588218319,-0.353684756225261,-0.32875871178882,1.02273563719521,7.49028927845909
"eta[198]",0.0260121904978628,0.06138093051917,0.146053518466166,-0.325069314501532,0.0174270209336822,0.0468803019807796,0.0762440845578629,0.282285578507686,5.66183373194137,2.15791051784194
"eta[199]",-0.136073114856561,0.0904753369043314,0.102598181610939,-0.347904540377132,-0.224098941545334,-0.0757016567359665,-0.0478340348634175,-0.024013714431591,1.2859346816302,2.19978118214165
"eta[200]",-0.0702814360920496,0.135328702984757,0.141344256618352,-0.304491459995804,-0.205476127468475,-0.0102352066780914,0.0614273938259401,0.0884020516685577,1.0908787782973,3.41307075042413
"eta[201]",-0.950574609973671,0.396749780842699,0.427431169176031,-1.74612389109682,-1.34574883901568,-0.692220918502571,-0.561901845779318,-0.547636870272966,1.16064388131917,3.21850806141967
"eta[202]",-0.317310263953457,0.491043895097696,0.498092345367728,-1.03502181697078,-0.805901513494571,-0.115224912782137,0.172004513896425,0.179668145089079,1.02891406292997,8.2315380800706
"eta[203]",-1.2152079093462,0.612633798525971,0.616077067152448,-1.97340272947365,-1.83393492843512,-1.12553471179014,-0.602074464079665,-0.592461964208589,1.01127245989056,17.2029369451748
"eta[204]",-1.41471278899455,0.706321351746099,0.70666896665838,-2.17411606367202,-2.11236580523323,-1.39581152835287,-0.708545202746598,-0.693317942789366,1.00098453897926,51.2231456982227
"eta[205]",-0.419834352474739,0.353577673335843,0.371317523920717,-1.10208446732249,-0.708147843362266,-0.302606289969279,-0.0717621213821012,-0.0591970532940737,1.10286212988,4.03848802457008
"eta[206]",-0.714683991170653,0.51556514371221,0.528183623818514,-1.51728348167547,-1.25509344246535,-0.572615769454383,-0.203145868165755,-0.191785237225163,1.04954911788147,11.0407955624319
"eta[207]",-0.938134576604267,0.571421427596348,0.57182366473697,-1.55860846283416,-1.50795447487287,-0.908005931110844,-0.365912449092985,-0.354156820868647,1.00140834310139,29.6924306055234
"eta[208]",-0.384219600933208,0.378698714479735,0.390531074319163,-0.958371386458434,-0.799106498759835,-0.217036320976956,-0.00957851781604345,0.00178307941197542,1.06346580618521,6.75684399436657
"eta[209]",0.123857808598462,0.160267567247548,0.184250605640338,-0.294730836429786,0.0073049507249756,0.236939604702701,0.278047258603192,0.285381810509479,1.32168073220892,2.09797523453209
"eta[210]",-0.631121373529661,0.304924068673775,0.310260132549545,-1.09396296883614,-0.93551374289073,-0.533997353995616,-0.327256282327387,-0.318289681176187,1.03530553372852,5.36390329352574
"eta[211]",-0.568725489909201,0.345604793445933,0.34746807673842,-1.03007228966136,-0.906213853662556,-0.531870552365012,-0.222995203571549,-0.21388895105857,1.01081180673809,13.0686506913625
"eta[212]",-0.834069668247806,0.513679615903561,0.51491605151499,-1.42777298154073,-1.35521854514175,-0.780324500563227,-0.319871055140149,-0.309633722163767,1.00481982790021,17.2812181120023
"eta[213]",-0.734396704125868,0.480785753865059,0.481624178088426,-1.29248292502963,-1.20224278625556,-0.702871031317792,-0.253097129917394,-0.244322817249449,1.00349076595919,33.0014964355384
"eta[214]",-0.11313529252751,0.223258068204027,0.247146434954101,-0.586556572245602,-0.335215493513353,0.0882911284348244,0.0997562110196573,0.114586446782054,1.22544655504262,2.63411168002732
"eta[215]",-0.967434414460453,0.448284041322832,0.449165814879478,-1.49791481780896,-1.40340045557654,-0.934595437882033,-0.518178987927023,-0.507654965069706,1.00393786393645,17.9278020285882
"eta[216]",-0.274207264093088,0.383164999146033,0.383287606100629,-0.673301154289244,-0.657783956060214,-0.26763355331158,0.108763917233831,0.117968183589465,1.0006400718805,54.2330917848563
"eta[217]",0.0566538775466399,0.258502509126501,0.274613295625705,-0.493869328102508,-0.182815620077628,0.210598146473314,0.312062929359446,0.319387422206203,1.12853126280222,3.46920860731811
"eta[218]",-0.166294020530054,0.281093081187146,0.315386216183201,-0.86094598322714,-0.402967142590396,0.067477800278987,0.106785586561496,0.118604602947598,1.25888223645918,2.24944496329179
"eta[219]",-0.755204353371381,0.488164226897073,0.490758014156958,-1.36103379607961,-1.25974769033297,-0.608393961592075,-0.267021027804142,-0.258530669452278,1.01065493113179,9.3407381688614
"eta[220]",-1.36645686063177,0.575775416464986,0.576932776467257,-2.02725831702142,-1.93655547777944,-1.30652076577005,-0.789695936466812,-0.777054287127105,1.00402421905354,19.9796840903039
"eta[221]",-0.262456827748941,0.274290378554189,0.274865663443421,-0.589333553484434,-0.532204192258721,-0.239177234591217,0.0110059004315828,0.0294281593456457,1.00419911322598,17.0515089531644
"eta[222]",-0.38686581567932,0.221985232746324,0.222578880182981,-0.646812217744238,-0.608580054699816,-0.363753793777967,-0.165143402816201,-0.145510694203092,1.00535568258046,14.6588585268441
"eta[223]",-0.0275254038476151,0.201410641219358,0.205299230930878,-0.351735003263824,-0.221135941220786,0.0368918402809865,0.171197828792877,0.189162082597064,1.03898629932292,5.89380079594079
"eta[224]",-0.477573197866169,0.202595337520264,0.209116981488436,-0.847029210400321,-0.667503398828979,-0.419554994921241,-0.276550385366292,-0.260536904072009,1.0654172156115,4.00233806708189
"eta[225]",-0.414346689101632,0.432701409897507,0.440200092733021,-1.12922311092,-0.816107297674523,-0.329623687793712,0.0148780384708832,0.036493241666031,1.03496017561678,5.27391112680577
"eta[226]",-0.273312451405602,0.314728919413614,0.356062455473811,-0.987230862363702,-0.599826099026304,-0.0157167951468035,0.032581476733876,0.0508453913811412,1.27990891381638,2.90757620585139
"eta[227]",-0.252047199830892,0.29606450193102,0.3065150928568,-0.729053286191797,-0.542278768163135,-0.15765292620241,0.0405540117351683,0.0582005571055844,1.07184269109527,9.42875233528545
"eta[228]",-1.44451699014207,0.712913499301836,0.713557004406433,-2.22654769793795,-2.16374407321521,-1.40334936572007,-0.730963668131983,-0.716129066277128,1.00180609718385,25.6425063236091
"eta[229]",-0.628587794636573,0.394201068409668,0.421714455760007,-1.33424947389269,-1.00634464962982,-0.389500218471545,-0.238346201701321,-0.220418255396406,1.14446201386478,2.99871925407706
"eta[230]",-0.261331448050368,0.29999025684759,0.301448351376736,-0.649336844943418,-0.547457460769864,-0.220319669956973,0.0383040276244366,0.0583412458735596,1.00974457010047,10.7637274462714
"eta[231]",-0.48578593839416,0.484926741150977,0.51060252873614,-1.28402565305753,-0.979219780986036,-0.198710408195453,-0.00886134315381498,0.00617384364816075,1.10869899778351,5.72735305390083
"eta[232]",-0.264005949439995,0.387680738926281,0.419880047103119,-1.09594266093898,-0.63013868982662,-0.013135297753875,0.116466486561838,0.134002080753538,1.17301083957113,2.70066020360516
"eta[233]",-0.326556492726135,0.186425538354944,0.193625646637206,-0.641700144159777,-0.505851697545382,-0.237145551793301,-0.142214626026255,-0.126375647161912,1.0787354487358,3.77114272970962
"eta[234]",-0.682338773561981,0.518730315962389,0.519765491321329,-1.27932163384589,-1.19432156390157,-0.643218758188479,-0.164382782595592,-0.144397659784425,1.003995171372,33.7541377240635
"eta[235]",-0.652152299189666,0.4891511065635,0.489818657287771,-1.21642610211634,-1.13535117109289,-0.623922981119466,-0.163420731772909,-0.146209479279232,1.00273128782816,19.441662030695
"eta[236]",-0.872001679792456,0.565914525509539,0.566239153190289,-1.47748213418623,-1.43962630514004,-0.85340876343936,-0.307423473084603,-0.287716902195021,1.00114759658857,41.2728225355489
"eta[237]",-0.485124521459804,0.42765374519531,0.446157816216173,-1.24265672542522,-0.903207684879497,-0.0945254819514365,-0.0663337567818265,-0.0485320920778512,1.08840982150271,3.30985562104949
"eta[238]",-0.64849819722942,0.335442644127082,0.343998508939245,-1.22248125586704,-0.952280483567422,-0.554388619815951,-0.316314287020875,-0.298616521878713,1.05166295182405,5.17872436207063
"eta[239]",-0.271679975988279,0.312771325760118,0.369416969808677,-1.23105856233666,-0.553110223173892,-0.0545221563875688,0.0366360180916562,0.0512422219511471,1.39501803192033,3.29090284647845
"eta[240]",-0.652164452083822,0.693908796736255,0.69422985424679,-1.38491213609818,-1.34966335856288,-0.629002415959344,0.0412250846632213,0.0593907599552552,1.0009255734628,52.0374094945201
"eta[241]",-0.591695271386701,0.791749729030413,0.79206967792446,-1.41390657867551,-1.39315237577252,-0.564496925218913,0.200761033046075,0.207334871206446,1.00080837044475,59.9071667712184
"eta[242]",-0.829155975997974,0.893212198813602,0.898549484318064,-1.96100096063941,-1.73846959590281,-0.659569617602509,0.0626571334685041,0.0725469689649795,1.01198647236491,14.0592080889045
"eta[243]",-1.47773597283662,1.17471873046925,1.17494893801124,-2.67653948045282,-2.65273488423931,-1.46958044249347,-0.301158248714448,-0.2954735072947,1.0003919748493,148.951121795362
"eta[244]",-1.35037260938434,1.00125186532782,1.00147276590173,-2.37102038866821,-2.3547431752835,-1.33477513058529,-0.348477301550897,-0.336025296760555,1.00044129743891,113.932507583595
"eta[245]",-1.86198714007934,1.30352416954802,1.3038141941824,-3.19375448485732,-3.172746862732,-1.85040476976963,-0.555274249531628,-0.549005290795114,1.00044503493735,142.457809593389
"eta[246]",-0.922041894414088,1.0624431224282,1.06265325738557,-2.00474409692563,-1.98394142105227,-0.91500839707601,0.141124331876926,0.149363080241741,1.00039560844937,122.244828485736
"eta[247]",-1.1220367325785,0.97544073987974,0.975672486670228,-2.13110997903163,-2.09538094627156,-1.10904101330201,-0.144392536164304,-0.136860406058459,1.00047521968358,101.115822629438
"eta[248]",-0.829274254479439,0.733364779082244,0.733520484976911,-1.57770034728573,-1.56289642181452,-0.828461857490495,-0.093303554581976,-0.0867461520059892,1.00042467931,117.930256963575
"eta[249]",-1.07247840247008,0.827970156089617,0.82826441794822,-1.93760536012602,-1.90304687683967,-1.04930794299061,-0.242508670923026,-0.237220265560007,1.00071092936622,77.9838442361843
"eta[250]",-1.15413936245973,0.973586394442126,0.974013945784671,-2.18264007332585,-2.1151009410882,-1.13351688769457,-0.178989325404372,-0.17106786263095,1.00087849465598,94.1601284084302
"eta[251]",-0.876199337504624,0.961360874088423,0.962980063998851,-1.98889181441298,-1.82203593933609,-0.790710302906162,0.0861442632762306,0.0933891459751472,1.00337137391265,19.5899338337921
"eta[252]",-1.07882117809867,0.959298935611002,0.96016590940535,-2.11682330533276,-2.05117879241473,-0.992103344847442,-0.118234309777854,-0.107671998121297,1.00180833216689,27.0094525730149
"eta[253]",-1.57128852152824,1.14357974040937,1.14455823505876,-2.82318593677367,-2.72172418366193,-1.50321381096903,-0.425127638224066,-0.417995945746786,1.00171201576116,34.2984840233876
"eta[254]",-1.19271509779474,1.1181935530626,1.11860703246505,-2.38582883010821,-2.30786189061854,-1.15815219595208,-0.0739624161310452,-0.0658134137687861,1.00073968562664,67.2101767417824
"eta[255]",-1.14705980440763,1.07590893882722,1.07620721549227,-2.26529750608112,-2.22562737329672,-1.12554274744698,-0.070270741458898,-0.0614492676085466,1.00055454137473,63.2184160742526
"eta[256]",-1.27741496741875,1.05386659776917,1.05454389809934,-2.41132915819937,-2.3256899199735,-1.21859414991479,-0.22418871575315,-0.215198108220846,1.00128577559193,31.9136476028026
"eta[257]",-1.55931550879281,1.17871857037309,1.1799468051021,-2.85492634109547,-2.75156852935529,-1.47960073311462,-0.379793842857645,-0.366546800220161,1.00208510271304,24.1840035732439
"eta[258]",-1.09694969155713,1.01915374141139,1.01945384816534,-2.16889030438027,-2.11164355298063,-1.07602990881692,-0.0763469771982977,-0.0685821957590534,1.00058901994363,59.9119991492344
"eta[259]",-0.989589252666215,0.926700952816042,0.929206779761264,-2.10834186290561,-1.90474396194294,-0.900367789278642,-0.0614653506256704,-0.0550815529204696,1.00541537127571,14.267673735396
"eta[260]",-1.00085641049428,1.00334854714553,1.0035373667449,-2.02116237057622,-2.00268121965182,-0.995587292409514,0.00280610497901184,0.0108026440243973,1.00037641429159,180.946430853047
"eta[261]",-0.336250447564813,0.51659339816635,0.519917872915611,-1.04662012449546,-0.835668728501154,-0.261658428784991,0.176787563835454,0.205913800310601,1.01291217382963,9.76487004008475
"eta[262]",-1.29209759692662,0.585931557531282,0.590362729329216,-2.06988910538455,-1.88309444971309,-1.20053964828293,-0.707628658137778,-0.675700848673013,1.01518241286927,8.63694223554801
"eta[263]",-0.718171484210353,0.40142484950877,0.410838581764464,-1.31829020834559,-1.11089393688125,-0.61105052736388,-0.321263437955358,-0.289122026297232,1.04745153183575,8.20051130116115
"eta[264]",-0.0181196188792061,0.251524992454721,0.297511750001452,-0.593414610969767,-0.190956322122446,0.152776186250187,0.226954612951257,0.254253861232338,1.39909097709443,4.58254258068763
"eta[265]",-0.691536066413367,0.54431147755249,0.545900835637236,-1.34079776278346,-1.19845389235147,-0.663085416645661,-0.150325648018345,-0.117395818605711,1.00584841057852,20.2827801608607
"eta[266]",-0.805096432192771,0.547857507203105,0.548561716960889,-1.41960717514831,-1.33134947864972,-0.792450141724933,-0.258687289828948,-0.228021459529103,1.0025724292908,30.3555174798576
"eta[267]",-0.963482558553828,0.456038694759319,0.456774103024125,-1.48407184426132,-1.41967191951937,-0.94110140207966,-0.508269736823189,-0.478755164900587,1.00322780164562,18.7411783326396
"eta[268]",-0.882688563092585,0.446199261064558,0.44746132121015,-1.44953965734048,-1.32057066068141,-0.861643758383048,-0.439842273597615,-0.406453499360285,1.00566493539537,16.9473079645447
"eta[269]",-0.752749318749727,0.546291520623478,0.547149120639524,-1.37802071130724,-1.29251246342865,-0.719805341158403,-0.209134493836139,-0.176526362369431,1.00314218009503,20.1020008482036
"eta[270]",0.251345067267983,0.16290616406244,0.174163653677697,-0.0993167099797351,0.110103313122589,0.33007493699023,0.407998760088778,0.437678600664188,1.14298365228201,2.84149398788908
"eta[271]",-0.290981754536002,0.230432370618933,0.23574239376476,-0.719258431610104,-0.488278107247462,-0.263173099700575,-0.0650351028136328,-0.0325910837051879,1.04661848959965,5.48057944869512
"eta[272]",-0.370261624477396,0.342632806733567,0.346711157248902,-0.829042881721902,-0.709390057972163,-0.287410721871656,-0.0294464599810725,0.000177560283005718,1.02394763543642,7.05828124298738
"eta[273]",-0.96495629555999,0.708104669240356,0.708769104856759,-1.77182905189854,-1.6676930993586,-0.936261873256645,-0.259068381816501,-0.228878974459449,1.00187753979067,29.4993132643213
"eta[274]",-0.108868440464576,0.241564441011797,0.274033596575686,-0.637689844704105,-0.386238929969324,0.0872753676468232,0.121271140576349,0.147960998567137,1.28689054741074,3.18943663497537
"eta[275]",-0.414319586892147,0.4274714067676,0.455224875816601,-1.33003064128619,-0.728794017418187,-0.219093018276715,0.00237520286178153,0.0341725963426472,1.13406469741565,4.33316827951102
"eta[276]",-0.803188258053481,0.504274986839754,0.505328166732344,-1.39867279246082,-1.30063405214638,-0.770046569235741,-0.301975031582035,-0.269647266011443,1.00418136812199,16.6652108856049
"eta[277]",0.0616095282052822,0.309107233946716,0.324982557359779,-0.483737974466717,-0.295598616583954,0.183635949288904,0.364453527962463,0.393927620842896,1.10535496448423,5.20597542697168
"eta[278]",-0.790460652969359,0.490844175181664,0.501676017489135,-1.51384239047071,-1.31205432398821,-0.576667877790585,-0.306897297178216,-0.275601894417333,1.04462255122559,4.69508634602711
"eta[279]",0.0923539264686912,0.330737127847575,0.391951725410197,-0.708655156816787,-0.279369457273884,0.389631717902547,0.414621269356906,0.446182954096511,1.40442729034599,3.27564456642156
"eta[280]",-0.123567552487295,0.30824023210934,0.378272304158073,-0.838803922511734,-0.514166972030422,0.145045284535166,0.173357661435828,0.202064222549539,1.5060189745707,3.01733426974939
"eta[281]",-0.0308210675167106,0.220936293888523,0.221835694861896,-0.295161572389938,-0.25760871706988,0.00559220553927101,0.192640463272488,0.202105714765027,1.00815829419194,12.2110065682823
"eta[282]",-0.770746577903979,0.551546873237898,0.559371690746203,-1.56509990124214,-1.3013356287063,-0.626683850019994,-0.221716693476093,-0.212270259204147,1.02857535194142,8.75221061995675
"eta[283]",-0.397237782400028,0.40304757518035,0.404140267494073,-0.887586614835591,-0.787339544416627,-0.362274614835745,0.00534052994252519,0.0150017679205365,1.00542950046921,18.7759875487319
"eta[284]",-0.251197523150817,0.40597227144955,0.428245747839137,-1.04645045609577,-0.590111530003579,-0.0627359046097898,0.145894162897883,0.155563191623229,1.11273916897902,3.13606395174218
"eta[285]",-0.985082764061208,0.426776117194022,0.431120706756188,-1.55112215167367,-1.41180132738646,-0.898097805445007,-0.560318570305399,-0.548670384003294,1.02046367353438,15.4413045372328
"eta[286]",-0.613911790121884,0.396836743096114,0.401916905538639,-1.15683358631575,-1.02244523079174,-0.505302424202692,-0.219796727927059,-0.210248202563768,1.0257671687175,6.38172010914559
"eta[287]",0.037665671894137,0.13418883436009,0.167897019911867,-0.305483425712644,-0.10784436201345,0.153721576511551,0.168340591986242,0.224539989987588,1.56550051430592,1.77657278044145
"eta[288]",-1.09085671982933,0.608521073420837,0.609112022022594,-1.7723941624343,-1.69502325750853,-1.06113487365245,-0.482556850416942,-0.471588709092041,1.00194318839353,26.0705030036153
"eta[289]",-0.617692371644621,0.509414614575206,0.510147547953358,-1.1932129478492,-1.12668116228899,-0.558129598477398,-0.108438290240742,-0.102948676658304,1.00287962151278,20.8016750062805
"eta[290]",-0.42027955263813,0.338386610516683,0.342718829166782,-0.938336866273983,-0.746128304713465,-0.336322615800296,-0.0827801009904276,-0.0713520749240008,1.02576904808466,7.40725102648115
"eta[291]",-0.751119096746998,0.716700666485014,0.716925154281761,-1.50513766010664,-1.46150825357253,-0.73886176085903,-0.0349995906034246,-0.0268392326626761,1.00062654596185,86.7289206208496
"eta[292]",-0.456787392301047,0.356813629240662,0.357147844861963,-0.846236523898683,-0.816500802581543,-0.427196331676131,-0.100619270801047,-0.0922536221829712,1.00187421173578,26.3194548150063
"eta[293]",-0.663392394072017,0.529824970970724,0.532233020186733,-1.28840942188778,-1.21957142748956,-0.575152303071148,-0.134296297485887,-0.12271170698034,1.00911063701448,13.6906565714783
"eta[294]",-0.281445334308264,0.409678550996309,0.409874212340309,-0.713594942654974,-0.693891908621597,-0.269899143235784,0.128894185361495,0.133861338348508,1.00095542257305,40.3614450207382
"eta[295]",-0.647496971699771,0.497871761701784,0.498576503788252,-1.22792200545689,-1.14023786004668,-0.61626209557415,-0.149177087171581,-0.137985420654597,1.00283302217635,21.884045206454
"eta[296]",-0.639773659006461,0.570164225445223,0.571169716298987,-1.29311532575304,-1.21143191224673,-0.603913682279623,-0.0707424977621252,-0.0605370769338938,1.00353013186698,28.3053550765609
"eta[297]",-0.572786554249718,0.392213320541447,0.392404221995028,-0.989383461411022,-0.963283192582646,-0.563694794941874,-0.181016363063538,-0.170661656183437,1.00097369417194,38.3463066743492
"eta[298]",-1.29571199002826,0.68521245536199,0.685473795317121,-2.02322428795763,-1.97891356545876,-1.2842554791122,-0.610705358994662,-0.59794709111093,1.00076294524596,48.4261138857454
"eta[299]",-0.252229926825825,0.228787833066535,0.230724030315108,-0.549425768742339,-0.47780278815339,-0.222684215654067,-0.0238020306451582,-0.0157826407832994,1.0169973210247,19.4700606831279
"eta[300]",-0.514147603522667,0.311142881110588,0.319625390225386,-1.03721086145161,-0.804663441356197,-0.394712506355863,-0.206349641927137,-0.194282518006679,1.05526808753375,4.58664277965452
"eta[301]",-0.855337179993954,0.678238728631597,0.678442965921267,-1.56211414536204,-1.53372588060039,-0.845551404756877,-0.176559412232986,-0.166473246542512,1.00060234850038,77.457009407215
"eta[302]",-0.48445995706559,0.369935937720498,0.370568226039299,-0.925771989061197,-0.850485502076136,-0.458846017843385,-0.113055963241364,-0.107001634157664,1.00342128786412,17.9652957240215
"eta[303]",-1.07865147519785,0.602552371080467,0.603675004769314,-1.76473112419246,-1.68998146156479,-1.02575120430258,-0.476117346165974,-0.466506255290238,1.00372973221681,16.4646236435419
"eta[304]",-1.03917047169099,0.839178488613473,0.83961709195161,-1.93097897724214,-1.88154569525526,-0.994874619735075,-0.201011257736101,-0.189471650148726,1.0010455891419,39.1696295645431
"eta[305]",-0.83561054011386,0.697187009084407,0.697621765636277,-1.58956931009976,-1.52767836264875,-0.806892727390908,-0.138570319997837,-0.131057142407193,1.00124756227643,35.0545057425783
"eta[306]",-0.561364823299638,0.663748481216161,0.671536401750144,-1.45469918900673,-1.21721480606311,-0.398372284914306,0.0999194318858535,0.106253407268592,1.02360414984838,9.33488375469425
"eta[307]",-0.684131298990568,0.411041155670154,0.424451570132135,-1.37626128867099,-1.03160235807539,-0.542394319833758,-0.276362209996571,-0.265335257235155,1.06631537922443,8.15234661180214
"eta[308]",-0.864848083168842,0.65160578464213,0.653853149967839,-1.66739397327271,-1.52015519629481,-0.790611486771541,-0.214249394891442,-0.203591882948701,1.00690982468408,18.9372645285128
"eta[309]",-1.13546865262309,0.751835287221287,0.752538172154968,-1.96711044186225,-1.89230241207368,-1.09132784019867,-0.383649161027675,-0.373978003769826,1.0018706583914,26.0901878853369
"eta[310]",-0.500808467518782,0.494588761925132,0.49502248132557,-1.05446668110034,-0.992648656583026,-0.476271372902716,-0.00524172389841994,0.00229145488473024,1.00175462770074,27.5307262151487
"eta[311]",-0.637188419796007,0.580888799542859,0.581205162750742,-1.25781549180183,-1.22040804452977,-0.61166114940481,-0.0564343694867613,-0.0468999194830916,1.00108953506033,35.8074468883607
"eta[312]",-0.423037721423727,0.590234882784239,0.590531527231586,-1.06340708794534,-1.00883054872361,-0.404609159104426,0.166646462627282,0.176571215807564,1.00100542682529,43.7371834259562
"eta[313]",-0.715267499266761,0.612445938419984,0.613686189120911,-1.43888084949665,-1.30496450327736,-0.685402702610038,-0.102665472934304,-0.0935907329550195,1.00405425662953,25.1188406540954
"eta[314]",-0.124907188321704,0.253299203305394,0.272964369048844,-0.5974086123129,-0.417214639779424,0.0282151640112114,0.122869735230998,0.128175189987532,1.16129959351226,5.32280519776652
"eta[315]",-0.935381068588807,0.600753562208862,0.601032329327961,-1.56589683921627,-1.54150630254285,-0.918725642705669,-0.335094569290517,-0.322869191396853,1.00092827347073,41.2166394285505
"eta[316]",-0.847074266614857,0.649646745020007,0.649805119521302,-1.5130292981708,-1.49599422135848,-0.845939730033662,-0.197430876231217,-0.183130009705266,1.00048763056913,84.8186648461312
"eta[317]",-0.66304811566495,0.561736880100857,0.570306349491235,-1.46344911592083,-1.2674817305443,-0.535621511468095,-0.103709916535445,-0.0941687642054966,1.03074334139626,12.4265278058582
"eta[318]",-0.703845376720481,0.825186339879599,0.825777167922321,-1.59166608020605,-1.53753193603853,-0.650086217683228,0.121686767863268,0.131167628669172,1.00143249961535,30.7807827632586
"eta[319]",-0.915519646279626,0.569285102446186,0.5695690130362,-1.51953047845328,-1.49090768719867,-0.901973078523494,-0.345295552490111,-0.336885944504875,1.00099767720575,65.6592674025934
"eta[320]",-0.843973893941614,0.615748370110168,0.62319094690841,-1.67186079028549,-1.48449716922028,-0.641345058807946,-0.229643563417022,-0.22028683602014,1.02432018185746,7.3612849488662
"eta[321]",0.195721287149086,0.475325154610314,0.48266346379973,-0.300432624874724,-0.277446403043338,0.0484370271519003,0.653487096608647,0.91377753039524,1.03111535493006,5.62297744649988
"eta[322]",0.0804340382977951,0.239521073844464,0.256493428470423,-0.177580459097325,-0.154325028458429,-0.0649403823334305,0.287508032811178,0.575918311601496,1.14674016793807,3.157931806247
"eta[323]",0.378117153383881,0.302991483322245,0.331528262803183,0.0614738525391524,0.0849492112633147,0.128054224058425,0.670029325514154,1.01682745292173,1.19723739524906,4.12117098871256
"eta[324]",0.0735751144595626,0.293845809741423,0.323135992128194,-0.240619673076496,-0.214760320727874,-0.154440505002967,0.346021332753418,0.764638779729894,1.20929334855361,2.5868803185362
"eta[325]",0.289651009333582,0.281309159842093,0.306817885009347,-0.0148158426200015,0.0120145219828929,0.101974841810132,0.571684173454835,0.859664725734322,1.18957984250522,3.03645659785439
"eta[326]",-0.649817772619821,0.0427373811111374,0.125854190958891,-0.83280018624474,-0.718099141816027,-0.698837828332607,-0.616509665892419,-0.306227604997677,8.67200566765506,1.2104790233733
"eta[327]",0.380273917155746,0.419407315988381,0.436768315633742,-0.0560656810876553,-0.0332056571418506,0.190074209742852,0.743751059434582,1.18586730758351,1.08450172746509,4.7592045523332
"eta[328]",0.347428569351858,0.368603982488405,0.383112514590085,-0.0399610300746169,-0.0152840580219562,0.175236951998988,0.697712522318796,0.980677271347183,1.08027078498339,4.80151928918558
"eta[329]",0.204169995663447,0.0701652172498597,0.149825684545731,0.00471446998883844,0.113331566089892,0.134835643925529,0.276222250230036,0.612231706611413,4.55962149986745,1.29295182019833
"eta[330]",0.149395063635762,0.236258809742585,0.280145107062834,-0.108716737451068,-0.084551310142191,-0.0493137972495963,0.37586015241215,0.750954116992396,1.40601534278064,2.10312669076149
"eta[331]",0.243527371641178,0.531612077922993,0.5375125264405,-0.311193355501466,-0.285383890580636,0.0919946291069602,0.756130279273811,1.03931433630598,1.02232151518212,6.83937762489083
"eta[332]",0.343050906381741,0.46445588046465,0.470023716640563,-0.142625268974081,-0.119439992935852,0.218679358338061,0.795897807147811,1.01453602473486,1.02411944667469,6.62742980485269
"eta[333]",0.443186002822813,0.358143687467353,0.368412211146004,0.0667219900722092,0.0881060653535025,0.308885581619665,0.772751529076315,1.07282099511517,1.05816509479853,5.67497173902785
"eta[334]",0.5391406871797,0.405491978805599,0.43696246852046,0.127003774410306,0.149343904926312,0.195054144709677,0.910323445791038,1.43591119936216,1.16124467934883,2.96459914630682
"eta[335]",0.631536317693854,0.396438754506368,0.453534040639899,0.226897334278299,0.25056109744797,0.291493003391949,1.01601860327031,1.65306788348542,1.30878278027642,2.32760171252002
"eta[336]",0.545340518360112,0.498787306490316,0.508214247516774,0.0266593876649713,0.0477235851450627,0.374049898875368,1.03575731090521,1.30504994471958,1.03815664184384,5.42289762894798
"eta[337]",0.0914103943548781,0.267293056738248,0.329137072670624,-0.233183993144219,-0.172599598287766,-0.145265443948026,0.373438023923754,0.845714356926635,1.51627595947975,1.89253683531172
"eta[338]",0.0921940178956258,0.264637312256043,0.291893913804301,-0.191862936618843,-0.166720956659775,-0.0773985380379429,0.31414960971852,0.662242259479989,1.21660031718571,2.58928194676923
"eta[339]",0.145153269907614,0.274534111199043,0.292281480641427,-0.147250018682206,-0.122817144686751,-0.0787375785604493,0.440660590745983,0.645545378933713,1.1334698433329,2.93943267777036
"eta[340]",0.608414537758338,0.624586857282719,0.629822753331561,-0.0387992171658998,-0.0149985629811014,0.484570474358882,1.20984444161006,1.47308012342086,1.0168362243955,9.04748117177745
"eta[341]",0.362069856487966,0.37112282126805,0.373499575547564,-0.0303254373629544,-0.0071405037830243,0.278544169378697,0.723218889974518,0.846624633668093,1.01284946534244,9.07358982057615
"eta[342]",1.07395095148045,0.774330895125218,0.77651049245974,0.27695339214032,0.301788748623927,0.976617327191058,1.86720041321462,1.98609560622691,1.00563755089369,13.9592524480206
"eta[343]",1.00242872324725,0.565935189798567,0.580086730515766,0.419891059948104,0.44363903314662,0.802914700833669,1.53321747159654,1.95033830305092,1.05063645009332,5.13584559250914
"eta[344]",0.254404229382239,0.256297566298635,0.259958268067773,-0.0202340792869607,0.000841720387739235,0.206093667024486,0.505712095144263,0.632673395747006,1.02877003281762,8.97163355717487
"eta[345]",0.206933991054961,0.18598353418304,0.191313323072394,-0.00186370601079235,0.0246752011287695,0.134924131638453,0.386381762316715,0.507763213762071,1.05813587353327,4.26983765151682
"eta[346]",0.148732760536274,0.332091225461384,0.345710093138728,-0.199863859962041,-0.177790049559125,-0.0121311505646037,0.503816555888576,0.704837689571949,1.08370060709995,5.66525224180441
"eta[347]",0.343012283098171,0.38875340969144,0.407257661157156,-0.0605652191943467,-0.0380164964983085,0.0869346268737891,0.771338120159143,0.969146730702021,1.0974635457884,3.47513161166186
"eta[348]",0.741717626726853,0.598578397509846,0.60569815398186,0.126225365231108,0.146601421701303,0.587513789825706,1.32238551343726,1.56616700335807,1.02393036323941,6.43380381751493
"eta[349]",0.348456974715224,0.400595223849492,0.403125399858011,-0.0717917931578494,-0.0498702915584476,0.277286495851818,0.756505905988084,0.878572627191375,1.01267197512894,10.0348381085705
"eta[350]",0.460834901362145,0.397311859383252,0.420677501831574,0.0506088614866099,0.0719506171656313,0.130511152559451,0.820527533436956,1.30385370186586,1.12107718768498,3.48183177903979
"eta[351]",0.514673514360597,0.529217262316185,0.531244430027004,-0.0348250771290992,-0.0127187917531075,0.429786294854826,1.05914502799711,1.16501592404208,1.00767567647653,12.3093993730345
"eta[352]",0.13778659689273,0.325601927855144,0.335945103037211,-0.20565800458468,-0.185474559121818,0.0137835414546935,0.457426828664021,0.732382164328564,1.06454174003193,4.26876299276343
"eta[353]",0.4214224806758,0.346827891507616,0.356143301320563,0.0563039370029794,0.0789761926196571,0.327022699589833,0.731539371545437,1.02315801560452,1.05443916591463,4.34220944065686
"eta[354]",-0.214511632990273,0.0987534897102631,0.116525250177469,-0.331960081942223,-0.308785499944367,-0.284947978608007,-0.120975693603257,0.0340460901240868,1.39230757212872,1.87973557211976
"eta[355]",0.406849674588409,0.39404735980188,0.3994856142382,-0.00526474663322289,0.0153272721386092,0.314081923930827,0.781394329779675,0.999017805212055,1.02779250271286,6.16255415573584
"eta[356]",0.726390174332945,0.576810879395152,0.58195076642849,0.128682018717134,0.152033178371296,0.627919645324356,1.30003563407881,1.54376665985795,1.01790114455729,7.80685219902012
"eta[357]",0.137791674124281,0.390417002861787,0.395166720097675,-0.273038402602221,-0.250243361411568,0.0543730635128884,0.535399632893168,0.682510163406681,1.02447951368267,6.51787070825252
"eta[358]",0.143870127353881,0.321017666268205,0.342059500343867,-0.192358685308526,-0.169809596269657,-0.0551713511714278,0.418968546640218,0.831992769702487,1.13539100073621,2.91086719349112
"eta[359]",0.601986670300703,0.516142234128072,0.525329987536508,0.0694449444503262,0.0898847690553147,0.400531493711278,1.16191610831198,1.30616869021801,1.03591850289952,6.66298533831972
"eta[360]",-0.231141700966818,0.131438495270056,0.142434356094677,-0.378969286856049,-0.35742951252973,-0.328746604431093,-0.0980238254173403,0.0348033967827867,1.1743143177795,2.55473342973209
"eta[361]",-0.107223902176661,0.204579599121068,0.260635305456692,-0.33902987488546,-0.305021414484836,-0.276291934235959,0.0756024303729522,0.470252161626531,1.62308716172647,1.99083005318177
"eta[362]",-0.12696939168554,0.130152455629394,0.19420086884447,-0.319773753727612,-0.263516538225313,-0.231473463697274,0.0137942398381617,0.266400761159443,2.22637134753315,3.4978745115353
"eta[363]",-0.449187326741428,0.0806043090284897,0.158114417528507,-0.672509838527286,-0.536012337849203,-0.511592887595024,-0.427875109947446,-0.0492801976228743,3.84792347284607,2.36983641458097
"eta[364]",-0.309377139755046,0.091847961340175,0.124831434125447,-0.614273092566251,-0.38137626394655,-0.248379500610131,-0.218435764274961,-0.190790137270837,1.84717855345083,1.93809407735763
"eta[365]",0.212016212037167,0.209580091327155,0.243844953800045,-0.028851586857717,0.00593810045969081,0.0463605910441567,0.410135072753072,0.732012224712492,1.35371579007856,2.10862892661566
"eta[366]",0.176995544475365,0.130749350550167,0.180881713020908,-0.000673038309275482,0.0453399372110041,0.0731686569389389,0.32203162934259,0.571174148539244,1.91386034461508,2.48152485734145
"eta[367]",-0.0807378036864394,0.0981636899094014,0.192874782747934,-0.418038607388019,-0.180288707974685,-0.154478011791248,0.0428204847169128,0.326124640723298,3.86054971932298,2.61253728382952
"eta[368]",0.453269814377382,0.17689674820942,0.238072948743273,0.243402247862185,0.27619974414407,0.307627326601368,0.627035564853037,1.02117272015612,1.81125835999859,2.88073468718019
"eta[369]",0.341158701220674,0.284587571700117,0.353756742705175,0.031031187812225,0.0622325456974598,0.0948069922854627,0.693235822988904,1.04742105220694,1.54517471510834,3.7756359173526
"eta[370]",0.253907282999086,0.230453857476544,0.339692431347494,-0.12313526954727,0.0227543621132393,0.0533561412573622,0.4975951246621,1.11041617593824,2.17272007463872,1.79868712392204
"eta[371]",-0.510914622898302,0.0303451670550318,0.0911608039422957,-0.739139779635829,-0.540641579402392,-0.510221363385795,-0.48131699344701,-0.336675059933354,9.02479254994093,1.38398639285818
"eta[372]",0.401578313142048,0.440645526586986,0.471798835666516,-0.0676914371515222,-0.0298093841987923,0.165779395118598,0.905982099496167,1.15990755184909,1.14639688800342,5.8650100724225
"eta[373]",0.231430695375279,0.250637882089983,0.262627161420705,-0.0510866340912278,-0.0155069417072142,0.101601268469631,0.484915284821157,0.693042791075544,1.09795832302119,4.6788663155092
"eta[374]",0.0568423366320638,0.307343876895291,0.344686122973175,-0.27578535589001,-0.2450481699492,-0.164687550593827,0.391576453665867,0.665895292800103,1.25776199482572,4.4776949539826
"eta[375]",-0.108222145952964,0.149573359511692,0.334047611036543,-0.68237534121928,-0.188524355635262,-0.155536385740621,-0.068855797508059,0.686858472980369,4.98779096099368,2.41989005853058
"eta[376]",0.12545075753847,0.292023568719054,0.319392776472101,-0.187505994627822,-0.158513645340957,-0.0687324265636619,0.397992632002274,0.695789621149398,1.19622912298985,5.7221420609427
"eta[377]",-0.221946702419898,0.11299504609564,0.211098345325376,-0.512435989386646,-0.341738390387304,-0.30972019989034,-0.123448977692545,0.403714968922911,3.49020431394227,2.01947578846318
"eta[378]",-0.236763201844437,0.131644400500942,0.169185725114568,-0.394944392862099,-0.36428050494106,-0.337397853751309,-0.106184217919258,0.159354313935454,1.6516676091346,3.06450303055015
"eta[379]",-0.182320584477934,0.178092296988545,0.24244573658111,-0.391378442938943,-0.357342866622607,-0.32562983247433,-0.00792714841305633,0.356389581628651,1.85327058257384,3.70031538843468
"eta[380]",0.145722087647082,0.246910643731605,0.32152087964096,-0.131124599988821,-0.0954781333723709,-0.0611893494510208,0.282707055796276,0.79804144372415,1.69565985867204,4.08799711271086
"eta[381]",0.0276553718048352,0.0307031846585161,0.141016098695838,-0.284466693349939,-0.0138454691020365,0.0443689923596126,0.0726276224752245,0.330428786395272,21.094563430927,1.02969950292923
"eta[382]",0.200557718844521,0.0971242900619694,0.125819453700155,0.0789682724986938,0.0960956531582136,0.124302616920783,0.329917914292138,0.451275752460753,1.67818515758797,2.34180755567191
"eta[383]",-0.309594364415755,0.259562958870849,0.27113121373817,-0.739267041324515,-0.592488908771589,-0.192305607689931,-0.0495361709254162,-0.0296108010112798,1.09112273253028,3.48859112921991
"eta[384]",0.236081156565214,0.0289141235645081,0.144749523374552,-0.0692190561719262,0.200271399988456,0.229471600625498,0.25658470798056,0.609921292093786,25.0619130817019,1.03518032427894
"eta[385]",0.00916552107946901,0.0778237659587676,0.130254881235843,-0.265694968530295,-0.0869312575530372,0.0706033101935947,0.0970019995637129,0.214093381300998,2.80132520436977,2.4440580089743
"eta[386]",0.470977608542531,0.114600148277848,0.150908763491306,0.282281891908423,0.351510337629922,0.387349112637141,0.633564689005563,0.758272173064683,1.73403780709835,2.13800295673748
"eta[387]",0.362552709244803,0.0644008225422738,0.131037080896948,0.174603684450077,0.276573370181255,0.311805325114099,0.443070228171931,0.654538013754753,4.14005004533688,1.42022565937245
"eta[388]",0.0792002816648008,0.22453449219933,0.239646908345682,-0.162915743717445,-0.14383442472262,-0.0424759058134771,0.342831844127224,0.47097493380526,1.13914112427321,3.14921803804512
"eta[389]",-0.0165398444468117,0.0219901032841863,0.073219449131151,-0.150697983720675,-0.0588039481101089,-0.0302750442343565,0.00570849825534045,0.162528822876109,11.0865999298793,1.12131800422466
"eta[390]",-0.858335576501772,0.326846954656492,0.348142057069784,-1.49436554194615,-1.14404384610882,-0.707878323054265,-0.534931368796975,-0.50977022514892,1.13455119221582,3.01123347312741
"eta[391]",-0.180096118984316,0.0433340780079222,0.145723462420689,-0.421126593872804,-0.239003814325882,-0.199156497149217,-0.172645951257303,0.203834124956038,11.3083656225716,1.03314311985368
"eta[392]",0.351155851225098,0.0715468417769013,0.0985769817664308,0.242077175745756,0.271348289119577,0.301227445162057,0.439452824332334,0.549559434607824,1.89832294815523,1.59572331577465
"eta[393]",-0.560387744014244,0.28240201366908,0.320362012237245,-1.27194423060872,-0.809203119635136,-0.381157695533535,-0.27668901069144,-0.254781506145058,1.28690487916754,3.27954101573969
"eta[394]",-0.479448434006408,0.313467944317913,0.317005794671559,-0.929668290171574,-0.786570551257606,-0.427666837396928,-0.167187574047299,-0.143913336394772,1.0226997037256,6.69727230284693
"eta[395]",0.349736372007372,0.211832702665613,0.248223673608625,0.121448084286377,0.144044992272024,0.168507332185474,0.583436782965119,0.880812948834574,1.37309435920569,2.56533860509655
"eta[396]",-0.565603097740341,0.196752893199657,0.205034149025164,-0.925059314897623,-0.757705958273636,-0.465498866860027,-0.371857692854377,-0.352586743260576,1.08595079006079,4.11240890066051
"eta[397]",-0.090033914380602,0.0586841801336734,0.157054463586843,-0.516580773053498,-0.101623436952069,-0.0706194801634415,-0.0485240912403175,0.211422779886686,7.16239856786086,1.68696786932576
"eta[398]",-0.511330852067756,0.157358928407317,0.164727708192133,-0.775408749221013,-0.679948837745829,-0.436208815018325,-0.356139304809306,-0.333474015912737,1.09584854073942,3.95026574547742
"eta[399]",0.184602231650535,0.0423409625868519,0.115980530266748,-0.165378844295626,0.185508352411793,0.205917761774391,0.225890637505439,0.368979097628577,7.50323806000023,1.38489445734219
"eta[400]",-0.687478092398591,0.245359057190076,0.248951782827482,-1.02496347570399,-0.940667862419293,-0.624214613204608,-0.440461390422985,-0.420588651500129,1.02949986300734,6.2303330281919
"eta[401]",-0.716246554803235,0.520967786279635,0.522464440449198,-1.3349471434691,-1.21713186978731,-0.671414605943418,-0.19577307699603,-0.180497172328073,1.0057539219461,19.4532852167747
"eta[402]",-1.09848765101724,0.600264797044333,0.600428626954967,-1.71766079649917,-1.69887634969985,-1.0918105528988,-0.496058760672331,-0.486810398120173,1.00054593328958,75.6978216982387
"eta[403]",-0.997459101653432,0.721447509157881,0.733642849796271,-2.12774551459861,-1.71862563757484,-0.695979175520573,-0.280750525497941,-0.27069405187837,1.03409372250444,5.36872526854552
"eta[404]",-0.97797352502885,0.650060249361782,0.650294896369297,-1.66485470512936,-1.62352379794579,-0.966787806442748,-0.325293423972267,-0.314204413595032,1.00072205416979,52.6981513169914
"eta[405]",-0.425260624195965,0.293006849340503,0.293618142329354,-0.76210375643871,-0.717548119295776,-0.393505585763937,-0.132558178317211,-0.120185924564401,1.0041769033932,16.3689174384959
"eta[406]",-0.965266370736069,0.747072848337911,0.749029546395237,-1.8265209939423,-1.71603525880358,-0.894039275644555,-0.21765584491444,-0.211723107128795,1.00524516586952,28.9562236737382
"eta[407]",-0.782919605543429,0.661847560406366,0.662206758388528,-1.48881469237448,-1.44086804246029,-0.766285553981403,-0.123565183975649,-0.106500943104213,1.00108573476927,63.5517706752387
"eta[408]",-0.723693558208039,0.641251399468565,0.644306357403273,-1.54453507618205,-1.35280056578991,-0.634654484774605,-0.0818665528815117,-0.0740947480222962,1.00955080935008,14.4272155810237
"eta[409]",-1.21296011548118,0.841758983271308,0.842013664903554,-2.08539362968327,-2.05706981142649,-1.1965482474118,-0.369479595181363,-0.359290807978654,1.0006052092473,87.1977237256795
"eta[410]",-0.44723777306324,0.462845256857114,0.471915168928152,-1.13009480216831,-0.94225715850946,-0.262233401116269,0.0130238869029172,0.0225250493200867,1.03957598743304,7.06085891912037
"eta[411]",-0.0787394649948618,0.446733667045102,0.456408407083954,-0.765502129606981,-0.510372886192143,0.0468058175762623,0.365858215737695,0.375067614673823,1.04378224356599,5.90358628520621
"eta[412]",-0.670574760662355,0.735052191824896,0.737567653325699,-1.50996283819322,-1.43549121016787,-0.554294609838837,0.0635380534205335,0.0718674380160357,1.00685601832533,13.5394400800034
"eta[413]",-1.24905560190069,0.943131713364049,0.943594743241076,-2.26884829242896,-2.19064530741015,-1.2098714801816,-0.30459321594805,-0.29655107548533,1.00098213967904,44.7064606096816
"eta[414]",-0.728598500883636,0.465029389824458,0.465393450830966,-1.23481909907775,-1.19249015743276,-0.690906992909694,-0.261950520578869,-0.253559257238592,1.00156636772663,28.3273771113041
"eta[415]",-0.598327263848463,0.574255771469488,0.575211180862427,-1.23947208877957,-1.18435746549234,-0.553475217839312,-0.0256037949000206,-0.0118647651092443,1.003330237899,28.9359185240116
"eta[416]",-0.6472428766067,0.616251996408314,0.620807880875233,-1.46286549044094,-1.24944403547718,-0.501634017467849,-0.033631578876503,-0.0200690140924034,1.0148404388936,8.37779226225519
"eta[417]",-0.979000483681097,0.629884398564769,0.630353388239271,-1.65675349623932,-1.61335319977928,-0.955835172924331,-0.347236456195254,-0.340196402203569,1.0014896837329,69.1208280247325
"eta[418]",-0.624374738772254,0.630867176698932,0.63109454580791,-1.29028976281215,-1.25196403841629,-0.608408322129754,0.00752211929915482,0.0143854132911615,1.00072094440832,55.9031731174685
"eta[419]",-0.953840960547666,0.665085637894702,0.665619529613822,-1.6733565404235,-1.6218128481415,-0.904524673104981,-0.287552574194691,-0.279666714788636,1.00160612702232,27.7362632568805
"eta[420]",-0.966037915182921,0.64281804653818,0.646728518374966,-1.77647576413034,-1.62037891890204,-0.835684676511519,-0.323895885101209,-0.30929099806972,1.01220365917141,9.3130411327673
"eta[421]",0.323965454908265,0.230377300758805,0.247098872711479,0.077108161184931,0.0949242968769564,0.140466545555161,0.593224219199907,0.717416732847732,1.15043518888503,3.22770179947696
"eta[422]",-0.143663534646738,0.138653128909024,0.139942175982977,-0.301561151037329,-0.282949564414891,-0.159401308601444,-0.00390362687969018,0.0379743120463761,1.01868027311072,7.90412060369955
"eta[423]",0.595872672465354,0.314018834378583,0.315075133838287,0.26253406999079,0.280294759971188,0.566070347745465,0.919966333876325,0.964414484638097,1.00673893371233,17.7487474674206
"eta[424]",-0.577264248397018,0.213113370645774,0.221386826571522,-0.961805939002869,-0.76404976877759,-0.499774232560042,-0.368263169915199,-0.346746836487553,1.07915084205786,3.81919247038117
"eta[425]",-0.461746814110775,0.207533613209366,0.21361379934366,-0.79752973286051,-0.669729306706508,-0.377125080485319,-0.257738149496056,-0.232611571009873,1.05945304693103,4.72731207632657
"eta[426]",-0.221015797787469,0.0525916024015665,0.208139575427349,-0.734131357402911,-0.26847862555293,-0.190949663992992,-0.170879192720027,0.272985134317199,15.6630567621816,1.01964461172084
"eta[427]",-0.137260380110399,0.178157302163778,0.183281473064377,-0.423543671813045,-0.3153159853617,-0.0897931056211405,0.0372381638805719,0.0626991755797155,1.05835137478264,6.24978888967105
"eta[428]",0.217735371602866,0.0546389511429416,0.09253890444331,0.0612987692971603,0.156196179640602,0.174424868466856,0.294823218450546,0.409417803678461,2.86842830467375,2.00693881022602
"eta[429]",-0.0946238694879254,0.0742286894794712,0.0867557107210696,-0.27209062936522,-0.17622923186276,-0.0468842525915784,-0.0239252402043219,0.000729596827385542,1.36600584543721,3.02907090136171
"eta[430]",0.136959135145852,0.251692757699675,0.257277933281048,-0.132940575104322,-0.114595264509766,0.0613917050152135,0.379732959129929,0.520235024219622,1.04487331628464,4.90529364686502
"eta[431]",-0.343130610373802,0.0523524472003323,0.144033549204067,-0.635096856184374,-0.391373986755488,-0.338872564490431,-0.315441706711022,-0.0331069575820659,7.56925872395815,1.37598430818221
"eta[432]",-0.128016413819879,0.0802945093933887,0.176592716415857,-0.498161633918795,-0.203737776886113,-0.185527456113587,-0.0248854582058502,0.263192777748387,4.83697537545313,1.76308611516927
"eta[433]",-0.140303139661965,0.14032383922329,0.159424266347566,-0.296094325344682,-0.277590822926313,-0.243735828613913,0.0347920946638392,0.135004962379777,1.29076130495802,2.31232575098805
"eta[434]",-0.245837119873987,0.0413826854524886,0.0944923257242393,-0.42369964630184,-0.275910755909905,-0.258304128422133,-0.199709938852267,-0.0397328892053726,5.21381643512122,2.13077435689927
"eta[435]",0.252886224235079,0.080066721989435,0.160718289502262,-0.0187333984635129,0.173238053804895,0.190316207957408,0.363301059013438,0.625616021360673,4.02927126309118,1.91761707488129
"eta[436]",-0.555828765371143,0.0836469405439013,0.187184056761008,-1.01640887634337,-0.617232105108898,-0.470691867012764,-0.453304135430753,-0.32923272907173,5.00769176076512,1.25826548095292
"eta[437]",0.813041682298941,0.18104131298624,0.241608550448403,0.611149983269144,0.630638302438698,0.657129785727345,1.01132452482294,1.35997595300475,1.78102172991987,3.33768054739773
"eta[438]",-0.0350209137200518,0.0494564849264136,0.161081115330331,-0.460094779509029,-0.0657274023139419,-0.0488301391267693,0.0226400164561938,0.283854482136989,10.6082260114475,1.01516967823618
"eta[439]",0.928380364972378,0.320204174762532,0.345079699908897,0.59739820825105,0.615039364977278,0.686248160550823,1.23822434627501,1.57270470097762,1.16140808137607,3.03834797576309
"eta[440]",-0.160543228540861,0.0782177061006589,0.0956344462081606,-0.347614677104977,-0.24967000224176,-0.103806717665932,-0.0838681299245397,-0.0539282466374501,1.49492203801088,1.80123321481894
"eta[441]",0.0978510593990882,0.684371984291716,0.691958248851821,-0.610056606524531,-0.582634922835095,-0.0704404049021262,0.80324124659056,1.03889201843905,1.02229288051731,8.5459747631449
"eta[442]",-0.0202764695317233,0.438971475429932,0.443044154395715,-0.483434631755955,-0.457215728170882,-0.144482546812023,0.434133189595239,0.562253940657363,1.01864162888083,7.51311225033797
"eta[443]",1.19900960914695,0.787593811115603,0.790472062403059,0.385286984201536,0.413344848057756,1.01983045730262,2.0039460779174,2.09978276750301,1.00732232913112,12.5949240093854
"eta[444]",0.634260698575876,0.677597681653074,0.679514036351209,-0.0701077588710027,-0.0413394230209559,0.501224533555623,1.32284966207652,1.4389773816219,1.0056643186038,13.0589463476105
"eta[445]",0.562650175926058,0.674136209742202,0.679414341020965,-0.135956223329158,-0.108668379131232,0.338831439949993,1.25657056595487,1.41327623349091,1.01572024672598,7.89589497631941
"eta[446]",0.986602770824559,0.932734250403292,0.942690110775052,0.0340429734917591,0.0588446677377429,0.753182154202894,1.88837139164636,2.31541481752173,1.02146162000654,9.47500009901249
"eta[447]",0.632795277321621,0.612916330965276,0.615215959049962,-0.00642830543192341,0.0216141448678702,0.497548123991902,1.24251227955796,1.37551101479049,1.00751796617845,11.4600645950659
"eta[448]",0.967983630636888,0.906775075364214,0.908913256744458,0.0331059063767175,0.0628256569734709,0.794638977607521,1.89613107615779,2.00718499117419,1.00472157288182,14.4312217450676
"eta[449]",0.671596481507235,0.792342087363394,0.796937763097517,-0.144556195174781,-0.117997475606807,0.407482118619574,1.49680004973395,1.61439838870325,1.01163387262392,9.01984401522298
"eta[450]",0.77468225153882,0.73904061753179,0.785294504277302,0.0153958604477531,0.0465843395841479,0.415888858348792,1.57576730159385,2.16313626177003,1.12908984320328,6.1818041210504
"eta[451]",0.770750058953507,0.737474460590941,0.746735638268982,0.0087310935921526,0.0364020527063903,0.55018892902002,1.53460499326406,1.7620588442469,1.02527363032533,6.95117665041977
"eta[452]",0.807249422079213,0.725034877510984,0.728601316284817,0.0558755135137303,0.0831087712195087,0.641595882622941,1.53336236450769,1.68964309858053,1.00986217497044,11.6728768726983
"eta[453]",0.752532035589078,0.896178532257474,0.898241074511245,-0.169784067463215,-0.141854855644019,0.637386864165228,1.6551304186161,1.81809915754387,1.00460826863265,15.353708139982
"eta[454]",0.43115350385343,0.624729426685816,0.62815392733381,-0.220288093820088,-0.190964787978392,0.298304501341631,1.02899984500807,1.26437398800368,1.0109931958648,10.7385729348124
"eta[455]",0.494184347639935,0.710493122911889,0.714095673090162,-0.24194542024886,-0.214107145126584,0.310485706588276,1.21970986951815,1.34456738789214,1.0101666952542,10.2557102410378
"eta[456]",0.726769262524206,0.594758007224917,0.599159069312918,0.105750963343288,0.135407205049635,0.571702126746308,1.3152030737784,1.49799797329014,1.01485426146289,9.1137804907424
"eta[457]",0.66369510061337,0.722320746400308,0.7272082459516,-0.0833237637550031,-0.0553939055567097,0.468845238257515,1.38211652250541,1.59992040849411,1.01357855198026,8.28663873640407
"eta[458]",0.64004599862688,0.747311001264997,0.758344671436704,-0.130166251016664,-0.102102550992279,0.416513843734436,1.43678240567991,1.66927930290336,1.02974698202377,5.77763457962742
"eta[459]",0.757822562561086,0.596154349670202,0.600541455327433,0.135429121076188,0.164010507152293,0.641030909822321,1.35533656877105,1.55055023019892,1.01477217447551,8.56441334234983
"eta[460]",0.155254809181288,0.528518376554449,0.533263728182167,-0.397473608265885,-0.369536175608119,0.0224434479920841,0.686174557173979,0.886171089123386,1.0180378020166,7.00752878474178
"eta[461]",-0.235761531546237,0.218834046816784,0.224419274671101,-0.5832500944382,-0.440380061020652,-0.185688286869366,-0.0169205803433664,0.0153689557729704,1.05169673443063,4.85624217253772
"eta[462]",-0.155171371482112,0.188796535702325,0.212661177998036,-0.589184123517006,-0.309887921105137,-0.0312048548293288,0.0304043608228106,0.062309350034913,1.26878603084007,3.10555479460452
"eta[463]",0.208669834388852,0.0279826112094429,0.0755880769687748,0.0215248845005525,0.172863190037059,0.229693979451856,0.261921766569462,0.315265125379041,7.29676091449447,1.23664469139144
"eta[464]",-0.772671479966472,0.233402990886902,0.240065498842614,-1.14343340731533,-0.995882632968488,-0.698047926428062,-0.539992739524305,-0.506586192570789,1.05790498960018,7.21862499184295
"eta[465]",0.0750180076373092,0.0117109059563297,0.0456244416227254,-0.0382553557580187,0.0574473738039634,0.0775886143980455,0.099096790741465,0.178928850550112,15.1779856499285,1.09712890892045
"eta[466]",-0.620546204260397,0.242044519898467,0.270181591994527,-1.08169354457105,-0.894003590253273,-0.427044340933854,-0.387595515409758,-0.35451854396205,1.2460084975741,2.60686115693232
"eta[467]",-0.452156674223274,0.0554487125970631,0.113912469711781,-0.720412903993651,-0.519837132386873,-0.414025078672772,-0.384271888880131,-0.244464650619923,4.22045817969636,1.3344295477047
"eta[468]",-0.888429161851292,0.440217191118423,0.448108505648756,-1.49508946605158,-1.36015439846431,-0.745534580598736,-0.451476588877263,-0.418704746657573,1.03617325435837,6.21787238148763
"eta[469]",-0.463266862345356,0.254035582579787,0.306757346406637,-1.18201433002191,-0.694580872709885,-0.257883251445981,-0.217403495900516,-0.184601721025963,1.45814542692742,2.01011731881145
"eta[470]",-0.470372789461365,0.264222775285143,0.314028769495012,-1.09076788497832,-0.774989573319909,-0.249675997979601,-0.214034091987018,-0.184632271503361,1.41253225961351,2.14221856390992
"eta[471]",-0.634172013911333,0.15017211786593,0.151406296593572,-0.821301239847025,-0.782434000049287,-0.62894264275918,-0.483159573784255,-0.450775961531927,1.01650439841584,9.62853791758086
"eta[472]",0.388636397773108,0.150524346656298,0.198459942389958,0.184195027760485,0.237000426843144,0.274829321890192,0.518843739968669,0.852597474222448,1.73832997974533,1.60761383292376
"eta[473]",-0.241814358360262,0.287788565238132,0.288399094474212,-0.576185515517096,-0.526080243946233,-0.246556808884524,0.0485001081534201,0.0787343342005592,1.004247401834,22.9385270227303
"eta[474]",-1.14810029953891,0.576573589180106,0.581363844203626,-1.88800623329469,-1.67622520975242,-1.07502866503612,-0.573141888516706,-0.537113482566679,1.01668530842311,16.7541425571268
"eta[475]",-0.606228007520023,0.292525156866479,0.324783274990201,-1.19670270275715,-0.906632459061777,-0.420965432274076,-0.321224259727116,-0.283980643894346,1.23270986549181,4.51094310442198
"eta[476]",-0.525805096542929,0.414288004440064,0.414736450339783,-0.977412084978339,-0.942940802244816,-0.522455112842804,-0.112307169663136,-0.0809616597600697,1.00216607096976,26.6103827440151
"eta[477]",-0.504298477404744,0.185373313413816,0.188722135710342,-0.801743335594927,-0.677569823001641,-0.47253540662754,-0.31982617080294,-0.287527678352608,1.03645693065459,6.6479715712323
"eta[478]",0.120807094598545,0.0334528595622887,0.111190966204107,-0.159180828455708,0.0980397327863114,0.120579424652024,0.145485512147541,0.387164904735688,11.0477163066683,1.29635784693206
"eta[479]",-0.630997195090414,0.197022496158987,0.21936945777163,-1.0579296004337,-0.82853890969249,-0.473758081810661,-0.441037042081571,-0.407244180861253,1.2397116701745,2.61461373872899
"eta[480]",0.00373365099262612,0.0865093234738993,0.124377041615935,-0.295614475805295,-0.0880373681772416,0.0628138746893622,0.100950048651644,0.148049822627622,2.06706728625246,1.89385614785593
"eta[481]",0.0185346132796501,0.349767555215347,0.392785469229856,-0.342682389292934,-0.320264150371489,-0.286018259802039,0.400692810258682,0.791092558463326,1.26110655550208,3.04491700821603
"eta[482]",0.0639313412541807,0.218507226687066,0.310317422918882,-0.184885864772856,-0.162209228192944,-0.137938590500407,0.220982986661174,0.806353924693314,2.01688302121405,3.13098045613413
"eta[483]",0.214804929424774,0.310365153913538,0.369732545440085,-0.113650107570467,-0.0851651838315511,-0.0567693303447451,0.544597173387172,0.957144508110729,1.41915375662343,2.04339552482118
"eta[484]",0.183776833426602,0.454295694215723,0.497206392562755,-0.286620076410776,-0.263566154540387,-0.034061533436828,0.587698770127031,1.15462232577552,1.19783270368808,4.26121828181159
"eta[485]",-0.105282648342146,0.255800033959453,0.280984294995445,-0.381040245674212,-0.358322450962969,-0.243560868681167,0.166870928815839,0.425739950654915,1.20659882395437,4.73986706544209
"eta[486]",-0.080132996358094,0.173365868579139,0.326258551878163,-0.473532439090448,-0.247490556559851,-0.230074689160575,0.157771887136504,0.63611797267691,3.54157634994249,3.53817429638582
"eta[487]",0.678658790065931,0.712718244108203,0.720611048192585,-0.0566117827625897,-0.0328815957991268,0.572841432787886,1.39615978565485,1.68616965574476,1.0222710938147,13.1472383972776
"eta[488]",1.11618210635967,0.58170227630115,0.606116763682466,0.515483232700618,0.539099755074442,0.909469232537827,1.76856232747229,2.09200342635043,1.08570306738624,8.79938404250726
"eta[489]",0.481569466813266,0.311264088411017,0.342186857777246,0.15415108552507,0.17432115875261,0.302997039831089,0.799790807250569,1.12343476487785,1.20856111375011,5.16016234569339
"eta[490]",0.171227528837276,0.447093978402454,0.458693160080207,-0.296142489457024,-0.271964824572754,-0.0100094861750856,0.656157645108704,0.853163318575571,1.05256006082806,6.77142214433352
"eta[491]",0.845533077457127,0.483112893437368,0.49808448407336,0.342278477676367,0.366045287596677,0.707873963676349,1.30744861897942,1.65735097334435,1.06294004747908,7.9408288088151
"eta[492]",1.01385963341875,0.569751126197099,0.593924827745905,0.425844009035106,0.451786545131334,0.780446102230418,1.57122429703522,2.18825013125537,1.08665723576108,4.79589897310155
"eta[493]",0.776835743646655,0.473251940489663,0.483522301212815,0.285568941963228,0.307926219344202,0.660429309908739,1.19183697634886,1.54036227686823,1.04387431665949,5.63689537370775
"eta[494]",0.310725215455315,0.263224993531831,0.284534543870605,0.0295737840786768,0.052310634227614,0.189364250519976,0.585683475107922,0.849020720672352,1.168465116373,5.27222123268035
"eta[495]",0.853152893947352,0.585182734821879,0.60277477017702,0.24667851692265,0.27200855352296,0.675082473508684,1.42553824525974,1.81305474922813,1.06102868134757,8.41423655556695
"eta[496]",0.161702941997554,0.333869631233445,0.364012018653222,-0.189158786101601,-0.167933812942042,-0.0118454939007464,0.466877449427671,0.833436215938377,1.18871463949186,6.12754213466598
"eta[497]",0.440721921722501,0.539776437350304,0.549861790260617,-0.120954391366418,-0.0970004101061543,0.331889801421557,0.965804126984103,1.28873246260526,1.037717733345,9.93457945971649
"eta[498]",0.434538783984336,0.383002133721691,0.404014276335796,0.0328919830248483,0.0547090779858123,0.2705218635569,0.82223106121654,1.12070170043341,1.11273317558017,6.25512218689224
"eta[499]",0.0667242739246841,0.427901956610568,0.437146390655186,-0.381811320864804,-0.357983910400786,-0.0845966039082392,0.489221925318253,0.759992997186929,1.04367492464464,5.83183674411469
"eta[500]",0.17456048620545,0.268393441255078,0.316498458222243,-0.112540924825005,-0.0878418597614945,-0.0143189241953893,0.469107803957031,0.86471822194322,1.39059095432324,3.96108309766177
"eta[501]",-0.217169312050468,0.318701843845501,0.32176033075101,-0.651169760203904,-0.532860645205061,-0.15420941868193,0.101522033498882,0.113908373477554,1.019285502484,7.81914464241789
"eta[502]",-0.243766354003526,0.21503229447513,0.242653990108955,-0.745635744847585,-0.406476964589778,-0.111669752368408,-0.0342115166742512,-0.0210571177357312,1.27340777182049,2.55633386903245
"eta[503]",-0.0787803906980358,0.208057364605068,0.209664792261807,-0.346107859878705,-0.29131456733243,-0.0265490495900056,0.128083428441781,0.140961533638849,1.01551146302269,9.25117607028143
"eta[504]",-0.0673149246858254,0.200206017366818,0.25806509803983,-0.620914371872752,-0.282857092907339,0.119231302614315,0.132672322865408,0.144483140350973,1.66151509800489,1.7206992218753
"eta[505]",-0.753684979048773,0.445177182885804,0.456940951711821,-1.45094019429557,-1.144947033522,-0.629198772452715,-0.312286146626071,-0.300871836730687,1.0535481043266,7.17020847731023
"eta[506]",0.0416076633650009,0.185154515355374,0.203470125354015,-0.354497111718392,-0.13467113162719,0.197330970970545,0.220420367149872,0.233558447374374,1.20762665422039,2.33224752618821
"eta[507]",-0.811156633698981,0.287186770785258,0.288164898565388,-1.16409963798923,-1.08664740504367,-0.786555922384016,-0.524604247341318,-0.514638502075881,1.00682338867739,13.0489983816773
"eta[508]",-0.707396080367325,0.495080560863854,0.495433878706609,-1.24777342712795,-1.20273228406863,-0.685977162223654,-0.213565316223681,-0.195034034536364,1.00142782385178,43.3761304099162
"eta[509]",-0.604809304493581,0.360922693757447,0.361716141551685,-1.02552300972419,-0.966283315094769,-0.57617882812384,-0.245227307842396,-0.230840512323102,1.00440160710686,16.1455710942044
"eta[510]",-0.465036747639881,0.218941432460245,0.222986261914991,-0.805276994270625,-0.667012512978631,-0.401814832221401,-0.248195667244816,-0.237112579436583,1.03729026957067,7.45447994452512
"eta[511]",-0.859083419232241,0.385332719362747,0.385571941424741,-1.27252673120495,-1.24471056439242,-0.843089787452435,-0.473657704620339,-0.460926348164669,1.00124202439517,35.1073577219
"eta[512]",-0.799805309309789,0.529621064843952,0.530145923314247,-1.3853431923318,-1.32500926655654,-0.768225326365662,-0.269703040053802,-0.256869901623293,1.00198299718234,24.8727337883008
"eta[513]",0.285105162853961,0.0432844850815539,0.0972016191395951,0.0786296736753545,0.278212899265601,0.292004889634357,0.322243143711208,0.457130758897599,5.04292474891679,2.18291924954548
"eta[514]",-0.79340723784489,0.543211490840965,0.547079633910255,-1.47780060512536,-1.35158893734281,-0.70879737056836,-0.249999528573634,-0.240009541081769,1.01429246407083,17.612389228469
"eta[515]",-0.4957686742539,0.306762705226709,0.318271951793196,-1.05006501133925,-0.793427482964553,-0.261795035918836,-0.193852730593952,-0.183274490983557,1.07644443498367,4.45141428074528
"eta[516]",-0.797964677885305,0.354487648123774,0.356568862247277,-1.25529677368357,-1.146044645756,-0.759122363025432,-0.444095068202042,-0.431186586386545,1.01177656591945,11.3791620946331
"eta[517]",-0.481583946092109,0.543759254838507,0.544531292323696,-1.09878082906437,-1.00405869918206,-0.456348538225864,0.0623743522498319,0.0755678236676419,1.00284164564914,34.1443414230153
"eta[518]",-0.974282609854236,0.555110177989411,0.555520238061531,-1.57957011412943,-1.52655353721258,-0.957638378679893,-0.418703066367646,-0.406267120097663,1.00147794633981,54.3079847833681
"eta[519]",-0.136639834717806,0.138194685046063,0.14845216355297,-0.427557947182836,-0.266996905836874,-0.0598509076994279,-0.00195958163249259,0.0119460606286207,1.15395900874657,2.85081619502603
"eta[520]",0.0997618105301737,0.052378710328438,0.0652162637376175,0.035543760551271,0.0496112708677756,0.0629919075095391,0.14601541191691,0.257507852466984,1.55025173691654,1.89878293622641
"eta[521]",-0.188175606344694,0.0805742764710659,0.0993966357342182,-0.291699998184659,-0.262954106053008,-0.250632492573717,-0.0870578448939113,0.00228211503632143,1.52177533756579,2.52931387649064
"eta[522]",-0.738881525926832,0.218523428306959,0.234358471354936,-1.20961464341742,-0.927411016714793,-0.636341965585565,-0.522594929081995,-0.509325766091462,1.15017865181838,3.4160753413691
"eta[523]",0.340207066158428,0.120805641561053,0.149525560636953,0.191981565791822,0.22489574495107,0.23938482723668,0.46310686054004,0.682396468775858,1.53199182111128,2.43077994248503
"eta[524]",-0.593449738136276,0.0227092694311589,0.0521995976237772,-0.703334632678242,-0.622390741071934,-0.604436114063946,-0.546882355820839,-0.494690289017598,5.28357631469014,1.59548571270935
"eta[525]",0.272449184912076,0.145223638005479,0.170525137525868,0.106844365661485,0.133026631443768,0.148316642722875,0.490467173966638,0.537157788128195,1.37880291443724,2.98569429893997
"eta[526]",-0.0127766859569092,0.0192260155765762,0.0683663432892849,-0.121923647049688,-0.047691788939139,-0.025249520411237,-0.0032447619612185,0.155601230586506,12.6446299233735,1.07990946499729
"eta[527]",-0.29892521420594,0.0456990294675956,0.0490448189827124,-0.391126360144971,-0.33490964954221,-0.293021155644412,-0.25241760059143,-0.238957655154434,1.15178738666512,3.55277799330276
"eta[528]",0.258577697454415,0.236039916290837,0.238988721590569,-0.00123820737549945,0.0263524612434232,0.203822074302247,0.481963846472264,0.636420032641866,1.02514172009737,6.44901293262825
"eta[529]",0.177037080608785,0.112244308578261,0.130861689704269,0.0456996674848707,0.0689893108290659,0.0881535342380485,0.271153700492862,0.458476771670522,1.35924075956076,2.01943160725704
"eta[530]",-0.681785270433552,0.111596726222822,0.118884417922805,-0.914181771432594,-0.766402716001734,-0.650623261272611,-0.569010126119466,-0.557921139409594,1.13487221321559,3.75174960697767
"eta[531]",0.227137223119195,0.0967313175627115,0.150959589889824,0.0556615192323873,0.124724944031499,0.143204735583892,0.312715097031356,0.565066978462616,2.435494808039,2.84537417959439
"eta[532]",0.315914875635768,0.233096452789305,0.242187092598516,0.0590634088836902,0.0874600465759724,0.217562436024214,0.578931242522355,0.662024485202157,1.07951991374003,6.01652906849888
"eta[533]",-0.288346354423256,0.0273610982044573,0.0670870192203794,-0.488751252624644,-0.293023645180904,-0.273580815514119,-0.259255007283065,-0.205660597502279,6.01187500070029,1.58084682570139
"eta[534]",-0.148731826867243,0.152809113005677,0.18355453578249,-0.321368295315216,-0.294774326917081,-0.283994136747433,0.0543679801482586,0.156025353297813,1.44288504401734,2.18009767359905
"eta[535]",0.365928243357067,0.11282574752584,0.127173282087916,0.227762491448797,0.2577415744351,0.297369785322226,0.484280100272435,0.608817572351753,1.27050190384735,3.4629144679415
"eta[536]",0.342108934949059,0.197858188343204,0.238873213415003,0.126762142350669,0.156737585190007,0.171318328410007,0.567203917388862,0.81236891684939,1.45756136248257,1.93030606122198
"eta[537]",0.0745567572533757,0.16692656645024,0.293486150570281,-0.3518855699137,-0.0926694196898104,-0.0775551943818547,0.375593043627338,0.701008396934577,3.09118005951708,2.5970450500092
"eta[538]",0.227494428440731,0.25976381540299,0.273299173223044,-0.0540473772880495,-0.0247155494207297,0.104763459047481,0.50745315374137,0.6638398967206,1.10692788136926,3.66913371842177
"eta[539]",0.490750694413671,0.164232072430794,0.203569283673652,0.302851367535841,0.329391118285285,0.348698818813185,0.687138778094992,0.921055991195964,1.53641504192641,2.87290731192137
"eta[540]",0.108446078131925,0.141011832852104,0.159908816449086,-0.221384260353275,0.0121002591419316,0.173104217676231,0.247818495909773,0.263530856869598,1.2859784851064,2.93771996252824
"eta[541]",-0.759995842942095,0.496046779324582,0.499625740048536,-1.41144053253182,-1.24576716969189,-0.683608273977608,-0.266035969937639,-0.234819427128147,1.01448198804593,8.56875736786817
"eta[542]",-0.0843925722238826,0.0830243550202671,0.104291556526423,-0.298260409802569,-0.172120253356527,-0.0283895526386398,-0.0017839118653485,0.0251915267916623,1.5779283448363,2.01066945687438
"eta[543]",-0.79738815089368,0.300403365940585,0.30186759562973,-1.16567493173242,-1.0958649013909,-0.76744081776425,-0.495976015518011,-0.473028920663424,1.00977218192948,16.0035422360342
"eta[544]",-0.297794035876771,0.171537983296872,0.216037272029568,-0.746634199935924,-0.521858826415357,-0.158941564879241,-0.130684634086064,-0.1053760325967,1.58612265916618,3.46083380936909
"eta[545]",-0.159835276814811,0.174093485915306,0.17571858277409,-0.384315512468848,-0.336208197544526,-0.128734022296944,0.0158975773077429,0.0398437573215466,1.01875637887919,9.35528108253554
"eta[546]",-1.11063146063578,0.456342329336326,0.457557952352916,-1.6503282541942,-1.57319641667237,-1.03707648419549,-0.654052366223315,-0.63017188613028,1.00533477633362,14.4985002651717
"eta[547]",-0.742725037073957,0.346828406099395,0.347464102069307,-1.13128895258964,-1.08831616127664,-0.729662120793771,-0.399203162184176,-0.367022512788396,1.00366912592489,20.5827851582671
"eta[548]",-0.271270781225702,0.341272837922764,0.343332519071706,-0.703778701182863,-0.612984578493863,-0.230288764200368,0.069158481061528,0.0959064052738675,1.01210700828028,11.746338083559
"eta[549]",-0.129564727046388,0.194164584564216,0.195624105275579,-0.384783355044931,-0.320846565875506,-0.117787329729605,0.0628879033936564,0.0961521664821071,1.01509035511144,8.86676119921954
"eta[550]",0.210924983177497,0.102084075200775,0.246973133651685,-0.226645801711939,0.0326514466137232,0.216157633646614,0.251020377531536,0.762388681752514,5.85306607464652,1.82980374917602
"eta[551]",-0.508950891839069,0.247822459206869,0.251414351046952,-0.842684576656943,-0.768760014702695,-0.40737289664836,-0.264236032136642,-0.237024071867359,1.0291976921871,5.74589903323018
"eta[552]",-0.191002445789987,0.339580416190603,0.345473496547987,-0.687406740799603,-0.517200424965042,-0.124241905089621,0.143810985541233,0.175298524532792,1.03500917219005,11.781284583916
"eta[553]",-0.485283181530536,0.263460156281791,0.288799466780915,-1.07392915404348,-0.726437041230971,-0.298822525646938,-0.227611917190396,-0.204245232097053,1.2016082013933,2.55033955662645
"eta[554]",-0.376746693890347,0.191198900617582,0.197651151763512,-0.684227478566648,-0.588052791001306,-0.326305442244883,-0.184706296428366,-0.160063096775767,1.06863136611528,7.55648544532698
"eta[555]",-1.1492152527308,0.59037794847437,0.592544789795914,-1.86766411780738,-1.73970104875338,-1.09142846387202,-0.555863343600643,-0.535094877854752,1.00735399336662,13.108955846396
"eta[556]",-0.74653464240859,0.217283901283443,0.226032809116108,-1.11694223428806,-0.952804317979571,-0.662024258067953,-0.529833343761618,-0.506216888305269,1.08215099778741,3.91765863052247
"eta[557]",0.221372383181396,0.0939088927041023,0.158949001328553,-0.177225538664167,0.129126781049719,0.29609634322731,0.329189277662475,0.419044848314921,2.86485184672369,1.3645423334689
"eta[558]",-0.918873804857377,0.504453596076144,0.508697939017073,-1.61692974341319,-1.41450911865014,-0.827736540055236,-0.416453235610277,-0.388749575610721,1.01689827718369,9.69200704530631
"eta[559]",-0.783189578951006,0.403496419391358,0.416789100820086,-1.42468088415746,-1.20035600595137,-0.578653151479528,-0.385247510300384,-0.356733491464687,1.0669727715277,3.97174264306468
"eta[560]",-1.06514685745274,0.633398992737241,0.634369739393736,-1.76946971210008,-1.71336467810319,-1.00986783803287,-0.433336000867705,-0.404345637393137,1.00306754683953,31.3590958417137
"eta[561]",-0.916195399404447,0.702140455361548,0.702951289120759,-1.69044038681173,-1.62565613584492,-0.838488412343833,-0.213705705125217,-0.206687045827924,1.00231093915629,21.3307320169285
"eta[562]",-1.0000703871083,0.62457100891801,0.624745457909616,-1.6482628573674,-1.62436058509635,-0.987238415285682,-0.374305063217714,-0.369473425279255,1.00055869821621,68.5920227084862
"eta[563]",-1.33797734421415,0.916268434264289,0.917459437035285,-2.37541730382862,-2.24829581284703,-1.28414148665336,-0.422527583542016,-0.413938464702367,1.00260137047881,36.7070108988899
"eta[564]",-1.07554007608646,0.6822660546886,0.682931783389284,-1.84272326706141,-1.75965184441541,-1.02275073585105,-0.392940598267262,-0.385857830131412,1.00195247438211,24.7743207526756
"eta[565]",-0.764559623283918,0.594825684560792,0.599909779877695,-1.50037588096384,-1.3755808521734,-0.585754809166237,-0.171238011667077,-0.163236900400006,1.0171674587847,8.48610884493349
"eta[566]",-1.27641253153028,0.723482783001854,0.727648760167102,-2.24365794091227,-1.9478672069295,-1.18730792790026,-0.554306374450837,-0.548539189580325,1.01154960859285,11.5693333850014
"eta[567]",-0.818561583646058,0.519834487624659,0.520246386539265,-1.39497861014712,-1.33225052623024,-0.791162500641786,-0.29925664287401,-0.293072296989572,1.00158535884656,43.7954961051803
"eta[568]",-0.68958895203037,0.592809477116994,0.605283778176636,-1.66251238319826,-1.26190477403697,-0.387074298349982,-0.10262583007651,-0.0969683392363604,1.04252815759107,4.7435367774461
"eta[569]",-0.593921258327962,0.377260542566746,0.37758430837701,-1.00719365185058,-0.971699373823189,-0.575936810228222,-0.216767136893342,-0.208246287243096,1.00171714081901,26.9397842897046
"eta[570]",-0.319642182363499,0.431263942879568,0.43196519055256,-0.806018636840512,-0.751398734979348,-0.28405810342671,0.111115954714764,0.117193182951403,1.00325470194809,27.2278758910152
"eta[571]",-0.322682758050678,0.541164795741288,0.541455827592761,-0.892063618327909,-0.872238419178769,-0.309637826398229,0.219526931024265,0.230568565722407,1.00107586491383,79.0809038755468
"eta[572]",-0.869105289625565,0.707812017652366,0.713874805655827,-1.7941196978493,-1.62224698480293,-0.700150206109891,-0.163918197455472,-0.155877780110031,1.01720443665954,8.45854344445538
"eta[573]",-0.357537878502654,0.420708916741966,0.434219078165694,-1.0102068197677,-0.791553182428884,-0.169734836043044,0.0578156918004813,0.069346409826675,1.06525693065413,8.66433523449655
"eta[574]",-0.50433156396993,0.465585880742416,0.466225071682585,-1.02635979322283,-0.975902611503486,-0.457876255316118,-0.0388543420184864,-0.0332709212069176,1.00274763359916,23.844520272964
"eta[575]",-0.368924162486441,0.379770669312725,0.380110154550869,-0.792044963454669,-0.747686469958906,-0.349394927862792,0.010992725656113,0.0181775842946377,1.00178864247398,24.9918023758415
"eta[576]",-0.835485205947771,0.646286915451358,0.64849390976097,-1.62633058007903,-1.45157879417576,-0.772069060752751,-0.189445313143248,-0.183013844001733,1.0068414277641,19.0421885948721
"eta[577]",-0.762037526419695,0.541263988044845,0.546484699516572,-1.48952166648517,-1.31667829045238,-0.591958700894245,-0.221700222159754,-0.216467821004167,1.01938384792317,7.53387718268905
"eta[578]",-0.371326733445033,0.323200803151224,0.323561423979074,-0.74006212271584,-0.685119748619112,-0.357735211914362,-0.0480375114014297,-0.0428211703900268,1.00223280394724,30.4576087665165
"eta[579]",-0.483521798319668,0.57757752862952,0.583190841676463,-1.29941011827564,-1.01716624308126,-0.350881368766563,0.0921861651500094,0.0989816491747437,1.01953188921054,8.75001788268365
"eta[580]",-0.776596990619226,0.537874042826308,0.547541733422401,-1.61561673109105,-1.27374527639135,-0.642483278381224,-0.240477500173552,-0.233761935817414,1.0362708472189,8.67718210072887
"eta[581]",0.139681309662106,0.365538506241642,0.422528315320318,-0.23897906128458,-0.214539549187526,-0.174848005080696,0.579611677042112,0.967428267903214,1.33611970997157,2.25858053759786
"eta[582]",0.263702728248864,0.206756051258144,0.211905402538889,0.0367238097643545,0.0583869665205087,0.199940605216444,0.471833797364573,0.597992517553067,1.05043116938348,4.65983602542917
"eta[583]",-0.165537647007331,0.228782952203696,0.235868977312471,-0.41824800257782,-0.393128266472599,-0.213879759302604,0.0474939860055957,0.241176104852829,1.06290470242275,4.3822660039907
"eta[584]",0.515573280658002,0.398491356075723,0.403426604342976,0.0970652085243945,0.117361983281336,0.448394304126046,0.889336310745913,1.08904700816111,1.02492304688894,10.0214117478171
"eta[585]",0.220419461592639,0.351046770212947,0.3766003983986,-0.146833439361198,-0.126075574650746,-0.0314893286376827,0.591541212170511,0.8789669076621,1.15088409133425,2.82841757988331
"eta[586]",0.0726592415264726,0.319373213403317,0.323801310778259,-0.271403310923016,-0.243874836825161,0.00110792531659704,0.378757644462094,0.553531368663415,1.02792216058262,6.72672080298237
"eta[587]",0.675627715525181,0.423066995785453,0.423872504319392,0.230720180127649,0.252496010795574,0.657721957190092,1.09018914880904,1.1645523999701,1.00381157299245,19.379334382644
"eta[588]",0.632575816988903,0.459209687216226,0.460250233908071,0.153342017035644,0.172623280897636,0.577706918441843,1.09432317208219,1.16556567486732,1.00453703671678,14.9384639679243
"eta[589]",0.23086506312786,0.33862183369164,0.340849275033482,-0.131563728081627,-0.106841820725399,0.197936260505887,0.55292245336573,0.693212806447824,1.01319919232042,11.1140284789054
"eta[590]",-0.198331598628523,0.105632533875072,0.143910467120456,-0.340809523447583,-0.309357118400948,-0.286210122718498,-0.0893821930527045,0.113683386799575,1.85604871378674,2.66788588224052
"eta[591]",0.292971688421584,0.452420897794703,0.478368929666391,-0.177672898408539,-0.149283223001386,0.0140334151758655,0.793096308444819,1.08771173733263,1.11799693770403,4.21114835189911
"eta[592]",0.543140493836897,0.40804956694695,0.41085556012271,0.114865945219946,0.135440778889746,0.498271766824346,0.914435155767072,1.07055919833703,1.01380048527695,16.5202876842188
"eta[593]",0.472209692408075,0.512239486529105,0.519732723194084,-0.0572567609457306,-0.037730936199288,0.298104447644454,1.02333100552248,1.14648200448346,1.02947076061365,6.38612679492562
"eta[594]",-0.286428419144136,0.278213374538087,0.302483769436187,-0.58463851042827,-0.555737874847752,-0.434595787573265,-0.0476468863178781,0.296234274968152,1.18208347150029,3.43692000344291
"eta[595]",0.234907896013983,0.246768094541708,0.2861330458854,-0.0353984611433355,-0.0122041938961961,0.0278174257564287,0.503097547709125,0.809194856057543,1.34449137529984,2.26820087878645
"eta[596]",-0.342685144310575,0.0280518039936158,0.0487104111006617,-0.4603022575717,-0.372516858601077,-0.327623130047949,-0.308541568225224,-0.275464474102555,3.01524078180791,1.54221168191443
"eta[597]",0.220349068459458,0.281272754577177,0.311007655461181,-0.0759274611701252,-0.0544098880259568,0.0706103789964481,0.471769804855332,0.811310536445589,1.22260685340513,2.96128703267824
"eta[598]",0.445919170580467,0.400664351636502,0.403986294023778,0.0222887411911338,0.0459580638669473,0.353081154785643,0.838111006470735,0.980675229477896,1.01665091305375,8.47249509632024
"eta[599]",0.360087859506544,0.368215505317688,0.380873801692207,-0.028597712089758,-0.00392067602256816,0.216165268130616,0.706969064206894,0.992081305079192,1.06993663182346,6.78987509436649
"eta[600]",-0.0903233089087426,0.260165016805366,0.261815691413003,-0.373762059677015,-0.35079181858117,-0.117688508008437,0.167384464223165,0.242084007417501,1.01272969873819,10.2096052959583
"eta[601]",0.13823590773316,0.270936199937644,0.283889217718786,-0.156208495718105,-0.123220819441795,-0.0243354956652186,0.386171158113874,0.628066208904129,1.09790237782982,4.35449979683174
"eta[602]",-0.154461411880937,0.0230325759458141,0.0635756246551556,-0.279246378164182,-0.18659745093208,-0.153981223516641,-0.129175077271805,-0.0274040252005126,7.61896973237092,1.53531884638429
"eta[603]",0.459238688350595,0.379414172356208,0.38768323966177,0.057877663932996,0.0852947457314924,0.357413749268281,0.79012858065215,1.05894640784796,1.04406359694702,6.10308158337879
"eta[604]",-0.178555616712553,0.204737865943001,0.231641474948659,-0.446389296771158,-0.374811737024728,-0.348253416348999,0.073883312998013,0.188232408630672,1.28007760262349,2.23597405918328
"eta[605]",0.391060772414318,0.224999072016955,0.251580571407266,0.142580147883249,0.176543001096819,0.216097553519599,0.68478956662766,0.80529447454073,1.25023814317905,3.35937356703849
"eta[606]",-0.547209311250194,0.223342085253862,0.244673986601679,-1.00931228280422,-0.717101556372613,-0.430402205425541,-0.326929824803681,-0.301558524608983,1.20014705326425,4.61281838524113
"eta[607]",0.532203728339418,0.335402861431239,0.340103908232732,0.169239631511447,0.202002275484173,0.4626177550885,0.853222910671446,1.01833799086176,1.02822869190604,8.98176968628253
"eta[608]",0.91261697324697,0.484127947453872,0.485771940418934,0.40152143025781,0.4335740475866,0.854525442247685,1.40148452689,1.48857344084148,1.00680309531633,11.9625836397874
"eta[609]",0.140366261600952,0.221364284820288,0.223789567602887,-0.101240403122987,-0.0794986728054043,0.0984539402036897,0.378480528409192,0.423657960195577,1.02203217713776,8.36498164625281
"eta[610]",0.419461427976578,0.294128297686992,0.314967447900237,0.106333147505877,0.131168687062565,0.292292084400055,0.780716364724755,0.937836631556412,1.14672088988844,5.99738194751962
"eta[611]",-0.559215164257651,0.122137945567439,0.124665461944511,-0.738015041288425,-0.680564281878864,-0.538444254996178,-0.436758347802432,-0.408278358049174,1.04181613686559,5.31379030642619
"eta[612]",0.197794405831362,0.362501355003039,0.364408569538553,-0.193627594810695,-0.159815629225001,0.156370264711835,0.559041154052225,0.657265068052776,1.01055020449785,12.2216552400253
"eta[613]",0.377807640711911,0.283832470520512,0.289965580910902,0.0687975980698607,0.102361766849912,0.271997610318839,0.647019288666388,0.826248341090601,1.0436833258315,4.83828429368105
"eta[614]",0.668698574379946,0.506928207211256,0.526863531326143,0.143199134231479,0.172655805805027,0.422538182455732,1.23209816974578,1.46023717252472,1.08019798250688,4.44644042374203
"eta[615]",-0.643667896689802,0.11784894720746,0.128453976420752,-0.878824827980069,-0.726669170159365,-0.596985929517293,-0.526647222408889,-0.500449958232726,1.18807454588155,5.18263207716111
"eta[616]",0.109332483302398,0.0916781566735749,0.104779624578857,-0.00470442185730341,0.02291201754091,0.050836751401333,0.204931415391293,0.325764788401191,1.30623684871065,2.24644930617172
"eta[617]",0.128686001828329,0.0998183455644936,0.103843259211272,-0.00449122113456778,0.0369772029547567,0.108016527253107,0.218330101854731,0.30199261968767,1.08227066237384,3.82918039435138
"eta[618]",0.0715873282636235,0.217732902155749,0.255221760035351,-0.173436011848701,-0.135327622883241,-0.11022177699634,0.320964822187856,0.56011832022525,1.37400171861881,2.15213417774709
"eta[619]",0.210639208266134,0.331868915669472,0.335423557600605,-0.142899354707514,-0.119435681467854,0.140647441070191,0.560727164959556,0.650435721563292,1.02153668882499,10.1065941321386
"eta[620]",-0.247018018276572,0.171121515498493,0.259494496983949,-0.547116221390927,-0.428512882651069,-0.399670414062442,-0.0329258762190472,0.306619564226406,2.29957230233931,1.44043631289841
"eta[621]",-0.264629389995988,0.205307313208037,0.21176360123753,-0.610294550548658,-0.464155251303348,-0.17457798345063,-0.0569448229829778,-0.0425227429554851,1.06388280279088,4.15567941568632
"eta[622]",-1.20775549087583,0.568156339271988,0.573176304579844,-1.98874965638729,-1.75014626210698,-1.12428772228742,-0.640394882007891,-0.624604456681619,1.0177491369868,7.68480267974112
"eta[623]",0.253395091956012,0.00800376119930967,0.0444813997273412,0.154820227543212,0.234829127116968,0.257028950616385,0.269778258758157,0.359062033993413,30.8864962573368,1.03106320815655
"eta[624]",-0.819844076080614,0.331880373371879,0.370294861974163,-1.57891200372596,-1.11974302831015,-0.529734467620792,-0.497999142497346,-0.488836488286606,1.24489359375674,2.26570474168152
"eta[625]",-0.400335701109225,0.199237511353022,0.199560648957039,-0.61769450797788,-0.599588048607048,-0.401627387032554,-0.196987894794774,-0.182220370209035,1.00324637309136,27.339918418253
"eta[626]",-1.147154830882,0.602255189468469,0.60382586992515,-1.86461373185806,-1.74791580308117,-1.07245750845868,-0.541120444203123,-0.528881603006233,1.00522279807661,14.5593636333073
"eta[627]",-0.800536223149325,0.382392161290278,0.384938490706343,-1.28679683914196,-1.18547889205852,-0.760112482981964,-0.417212769255456,-0.402963909163646,1.01336223705367,23.6121163572798
"eta[628]",-0.5426500817987,0.217455464098604,0.219983413920485,-0.840202179187096,-0.765920943605359,-0.505631276652966,-0.325444409004859,-0.31137306695939,1.02338542023249,12.6791776177787
"eta[629]",-0.459692195646845,0.310324764706368,0.315685180561805,-0.90246388543744,-0.787820600402252,-0.35263642914812,-0.146866066481333,-0.135385566212265,1.03484551169381,5.4711057747464
"eta[630]",0.244759816503415,0.0497931456061668,0.141955847339557,-0.0262940911705224,0.168926354379414,0.250188585817116,0.272187521105347,0.586797728043004,8.12769591245818,1.01982089812879
"eta[631]",-0.616816676719459,0.380195785693437,0.401205094045488,-1.32222209941806,-0.968563538200368,-0.360776604857754,-0.237438215720491,-0.224244865190887,1.11357194249863,3.15687366381326
"eta[632]",0.332471542424294,0.0779911433909193,0.132374494076333,-0.0154278573932836,0.318356507262912,0.391255767469862,0.413871871245916,0.435095335361297,2.88083279157337,1.85574516369531
"eta[633]",-0.495150167288629,0.262433460500388,0.313203370870711,-1.3010885472711,-0.69834868267687,-0.277622689033013,-0.243625393226744,-0.231338686188364,1.42434252500912,1.83505290936469
"eta[634]",-0.212489408909617,0.306570147232644,0.324939837774119,-0.761440795548469,-0.529748723883994,-0.0276663224522081,0.0927533093158412,0.107462224895812,1.12343045701071,4.88735973153427
"eta[635]",-0.992150589067644,0.575960001089552,0.57660726339503,-1.63860366369433,-1.56994661942434,-0.95042914849822,-0.412483035560545,-0.401050029027021,1.00224885755981,24.547509516061
"eta[636]",-0.118748835693453,0.119324387805538,0.198043682198279,-0.642388317416483,-0.21596982514985,-0.0126206559297436,0.00179351369301947,0.11338966778454,2.754631790335,1.36412118455627
"eta[637]",0.151350597785019,0.18549548630374,0.19776026474445,-0.182886326762135,-0.0460778843497979,0.301115253675375,0.335348921387912,0.351133407540934,1.13660974953928,3.09270924343984
"eta[638]",-0.652496380166433,0.548259264645926,0.548922896208425,-1.27809787800385,-1.18212101179134,-0.639500437652481,-0.101203355846827,-0.0858715141766439,1.00242233281356,35.5814470988181
"eta[639]",-0.694274989602167,0.238046355508775,0.239073586848532,-0.98624893740068,-0.926602436885223,-0.672895764258236,-0.457615097159183,-0.440088174662358,1.00864913660593,18.4875555648143
"eta[640]",-0.557030338928394,0.223663290475924,0.224583161219191,-0.831462586245888,-0.781721909232042,-0.520962345660139,-0.333553715802308,-0.31965499579624,1.00824241063046,11.0117053128606
"eta[641]",-0.809478577754921,0.527303726950231,0.528156403864274,-1.40496925267562,-1.34230351603586,-0.771486769345473,-0.282796083773058,-0.270174793139634,1.00323671645532,28.2979258710971
"eta[642]",-0.307603081337911,0.332543252652157,0.341701006281588,-0.836805294731748,-0.633869751689281,-0.176216736138142,0.023269665600817,0.0338432292887208,1.05583543860643,6.40145699252044
"eta[643]",-0.95527463582196,0.731398218250617,0.732365284421548,-1.78837875491953,-1.65982093532782,-0.928083153614879,-0.222836365257018,-0.213691836753402,1.00264617955526,36.6001640209819
"eta[644]",-1.01214667214819,0.640075603103781,0.65402576871033,-1.99382046155305,-1.66019695958162,-0.737947870927235,-0.375789539508273,-0.366817792155509,1.04406412115398,4.96401630730557
"eta[645]",-0.351939036667349,0.403088371374428,0.413039999873806,-1.02591441202082,-0.755188894432967,-0.183201490034545,0.046018477966406,0.0620726649469874,1.04998642666662,5.56383023402512
"eta[646]",-0.228089967500338,0.226669301721834,0.226962106629269,-0.47902070161964,-0.4561019840614,-0.221203187368525,-6.96209919559499e-06,0.013159168094803,1.00258521135154,30.3082640969049
"eta[647]",-0.98895720198499,0.496737849671506,0.49804980938192,-1.586154443013,-1.48254857201138,-0.928461985801229,-0.491589232363972,-0.479961868613183,1.00528927784822,17.6417193491612
"eta[648]",-1.11671914787494,0.662383165542299,0.663480657909018,-1.88035432965413,-1.74681155771262,-1.08888419879844,-0.453439390884096,-0.442984869706236,1.00331651416544,26.2028222773655
"eta[649]",-0.2970289297206,0.346568689873488,0.347035725646939,-0.68285126114551,-0.649141590594622,-0.277847974961505,0.0485211225679376,0.0628040120612165,1.00269701491035,23.1434869657984
"eta[650]",-1.12206951455883,0.648954544279663,0.649450574814293,-1.830879556514,-1.76480216994855,-1.10555207931526,-0.469427504423063,-0.45664935976482,1.00152929079637,48.6755441340736
"eta[651]",-0.443392996143847,0.247078835964681,0.248053359130452,-0.753583393772809,-0.687660101345872,-0.416119892825752,-0.196513559200295,-0.181224363993272,1.00790391462612,10.9915523870355
"eta[652]",-0.355802518208433,0.232813410927733,0.240532906466404,-0.755379141164348,-0.589532506376181,-0.261972535471359,-0.122157076315724,-0.111358328734328,1.0674142854843,6.07098012883834
"eta[653]",-0.647417213819727,0.45350681009628,0.505794618038853,-1.55432753860791,-1.14720404265138,-0.225687720935505,-0.205380646004914,-0.193119640271206,1.24388657808541,3.55555454158216
"eta[654]",-0.379698828690588,0.452627925249822,0.48498037546807,-1.20814455208206,-0.830886147910019,-0.160536170964111,0.065333947247998,0.0848133979192207,1.14806279111249,6.39726382140118
"eta[655]",-0.789263121841441,0.607528987236432,0.608023101532137,-1.44195703001166,-1.3984069787156,-0.765960892538873,-0.180653366901497,-0.167789898729676,1.00162729760103,48.5863077884524
"eta[656]",-0.297951503486908,0.321908342842028,0.325557617499725,-0.721105821406452,-0.637630794836555,-0.208271236698804,0.0245721902550191,0.0400742725520521,1.02280126947801,8.57110717078412
"eta[657]",-0.432195908613773,0.267339108252701,0.288066781585573,-1.01884677986747,-0.683734845256727,-0.266604493584133,-0.168318961837433,-0.156393058518467,1.16107793240815,2.8012807213779
"eta[658]",-0.493120754837286,0.453908645812835,0.458023011915422,-1.13358548551457,-0.930806660013379,-0.414353466958002,-0.0389768992271859,-0.0292213894517273,1.01821077026819,13.6271147381568
"eta[659]",-0.762508085508449,0.652767828201334,0.666148025612675,-1.71757248224285,-1.37621358286418,-0.581813805702267,-0.111709468795627,-0.101319056195297,1.04141542532034,8.7802777593673
"eta[660]",-0.736756381387785,0.624329127843117,0.624593240919886,-1.39869041088327,-1.35812972441538,-0.718260786000997,-0.11309744952712,-0.102454606126317,1.00084624897198,62.7626053735388
"eta[661]",1.00068242360077,0.585242562226179,0.593701095742699,0.386091468111564,0.417312542042418,0.817905863214845,1.59248271638053,1.8537317372629,1.02911496812904,7.20247720318766
"eta[662]",0.602316279500882,0.448996529112872,0.473855510907347,0.124003682168876,0.161547102170255,0.43012064522455,0.960714160243303,1.40088041623611,1.11379664162531,7.70235859271259
"eta[663]",0.728973920578826,0.52520899108298,0.531497811389286,0.173331586152963,0.206042843046387,0.592881921436746,1.25393614670841,1.47139271163841,1.02409125277134,7.3338035424523
"eta[664]",0.143755279028653,0.406795331653119,0.431635100229842,-0.285174692903621,-0.253378423927862,-0.171123231631922,0.565285720866999,0.881816300051419,1.12585273496225,2.99173137242702
"eta[665]",0.351700588552091,0.342491025078195,0.380004729111064,-0.0136698086737957,0.0207768861014447,0.0749260185768649,0.693119336420133,1.10752703888803,1.23106111048215,2.36237254915387
"eta[666]",0.226550538446792,0.301619034104852,0.314398238857769,-0.103564980725537,-0.0702370426520644,0.103777829376728,0.504066215971584,0.775551545193881,1.08653249556078,3.58709978756081
"eta[667]",0.123377244499041,0.234915205123633,0.264428369055062,-0.136327273710263,-0.100597340834462,-0.0685178156722161,0.380956650084185,0.622431649489219,1.26705024452991,2.53923641089029
"eta[668]",-0.0253840703807855,0.398079715611591,0.405520168871241,-0.449806101635233,-0.418617471354857,-0.202503483856712,0.380147431435131,0.552714670182769,1.03773107350024,4.98354427644705
"eta[669]",0.327849495867162,0.349927641358356,0.398785589090696,-0.0395204564020787,-0.00862769812502028,0.0767976372337105,0.667048748236437,1.13218468688212,1.29874058644719,2.13640300720852
"eta[670]",0.486922613591201,0.567852190049049,0.58068625885749,-0.111223180633037,-0.0770141410318668,0.311793729452221,1.0466437224283,1.40091534441237,1.04571295452932,8.45054803927794
"eta[671]",0.765246146516179,0.574823587317514,0.588456065671419,0.163932147692803,0.198297823912533,0.612545711322317,1.32285286345908,1.69615122918316,1.04799431386543,8.05522212838644
"eta[672]",0.445910282276319,0.403606053347731,0.412216472152011,0.0158842469336951,0.0474246108354427,0.286967929811057,0.859563242634862,1.06998776078893,1.04312256898491,5.51131316333378
"eta[673]",0.313970694382256,0.427030797044058,0.436947880539764,-0.141463645133667,-0.108098653785475,0.126626075062662,0.733373792615254,0.974366588229585,1.04698601361079,5.21337015408485
"eta[674]",0.382301328877058,0.502618852925471,0.510332598369726,-0.149370809639902,-0.117125695728254,0.205073674086079,0.890066417593147,1.143624937282,1.03092974821119,6.85577294643664
"eta[675]",-0.0925845201595992,0.278176837740402,0.292695916155836,-0.395751320410986,-0.364195441265966,-0.264069568284004,0.203553213882445,0.39755096708738,1.10711158231563,3.73240399244516
"eta[676]",0.184729059380538,0.254794222116766,0.270089472116089,-0.0957159667212905,-0.0621859640393588,0.0467696136152625,0.426431687095728,0.681834374637061,1.12366320854403,3.21335133536484
"eta[677]",0.946125975672055,0.681950456854833,0.693142803079929,0.236009666784742,0.268467507633183,0.75738135711804,1.65044569879409,1.98470118835106,1.03309387637636,7.85836491567261
"eta[678]",-0.130926030999599,0.319085245903074,0.364234184656783,-0.469385170998889,-0.434143589252685,-0.400966102308082,0.227792401734751,0.557040521856469,1.30301063386542,2.68174223441987
"eta[679]",0.159937287858467,0.31613008838746,0.327945548793284,-0.182243293387519,-0.150488476153964,-0.0130789459332531,0.487854872880215,0.680975351205367,1.07614753610785,4.02529295374865
"eta[680]",0.258960294010757,0.445205085054981,0.47096065818691,-0.207116447851572,-0.173737118091823,-0.102828740527933,0.684509833548701,1.0947461412339,1.11904880357418,3.07945555408444
"eta[681]",-0.551168185477054,0.624207492613769,0.624568345212095,-1.23002141930228,-1.17671726848503,-0.516352856800678,0.0734632774739883,0.07959355232215,1.00115652857915,35.0649915399396
"eta[682]",-0.6133607942097,0.498032570706786,0.509343055721616,-1.30247327568924,-1.18576089104468,-0.461282633059081,-0.118315339065266,-0.109600495841775,1.04593642312725,8.6878314192507
"eta[683]",-1.23545722116839,0.806233825117716,0.821307660587015,-2.61117785104402,-1.99983077971609,-0.986194211320123,-0.437940915332698,-0.430881531434632,1.03774277329991,5.40225708007797
"eta[684]",-0.765766758136227,0.617961280942207,0.637414761702558,-1.76034015842447,-1.39624337646655,-0.466219079403846,-0.155702307010036,-0.143906635022334,1.06395118948576,4.14575967526107
"eta[685]",-0.955972756940426,0.577877468280457,0.578253857180241,-1.5760084050021,-1.53157983607933,-0.935663164415896,-0.37806485767203,-0.367830773762468,1.00130308412122,56.2839788527789
"eta[686]",-0.93022311853417,0.87562599237348,0.87601963910861,-1.85933747663974,-1.80960699277689,-0.895546604059478,-0.0548102978871439,-0.0475382178403461,1.00089932282171,41.9989719778739
"eta[687]",-0.924737343372946,0.681853928256949,0.682208758787237,-1.67038264928067,-1.59739941821207,-0.913528886637606,-0.241192336394368,-0.236256690938612,1.00104105246258,38.561562414924
"eta[688]",-0.649519729621561,0.529010788926456,0.538382993969796,-1.46088790650075,-1.17524371009903,-0.399209961721128,-0.124308365218403,-0.116913627619287,1.03574681820208,5.60703438306173
"eta[689]",-0.953781015858542,0.856206315890631,0.856395399396521,-1.83450751096136,-1.81070640654944,-0.943048292861437,-0.0972571482197084,-0.0899975030155719,1.00044172620748,98.1316784754996
"eta[690]",-0.461809095461051,0.519852542450016,0.520601724652835,-1.04572939605704,-0.986607720470331,-0.430142309228619,0.0588128779684085,0.0693539608398154,1.00288436424253,40.4114633023027
"eta[691]",-0.658995623207517,0.681514722580834,0.681678858287203,-1.35943716743746,-1.34328186668802,-0.651906548255816,0.0233046978713428,0.0296528614544677,1.00048173712501,85.4616827444373
"eta[692]",-0.924629693506956,0.567929625294989,0.573675814396674,-1.71172134280189,-1.49841182402951,-0.789855186561324,-0.358962511511285,-0.348061903738375,1.02033793693323,11.1696906702812
"eta[693]",-0.583725068486538,0.420575800131033,0.420764461088092,-1.03353153102151,-0.999660791935382,-0.578200586230428,-0.163174820551523,-0.152290106678529,1.000897356774,43.4331781382188
"eta[694]",-1.05999936844633,0.812780192976133,0.813347040662233,-1.93428679320478,-1.8746377245798,-1.02223595379335,-0.246803424788426,-0.241294422406098,1.00139532275993,56.3537680782291
"eta[695]",-0.987378105460388,0.687339404856116,0.687635748030912,-1.70666935522509,-1.68181335859457,-0.970111466311869,-0.299663038683338,-0.291022489337506,1.00086247654707,48.5997252145447
"eta[696]",-0.261593153720265,0.337097434807528,0.345420373340354,-0.773142392570311,-0.578702454986021,-0.153577286850974,0.074923253485988,0.0828850072275013,1.04998961353249,9.99609635727913
"eta[697]",-1.44223714377352,1.04857946213306,1.04916971587852,-2.57681431837292,-2.4719353854539,-1.41759892060665,-0.393086740673968,-0.383154133101673,1.00112613282265,61.7338264561533
"eta[698]",-0.34550945341755,0.565388008802914,0.56596538731474,-0.975153405029301,-0.904169807435909,-0.32487872062331,0.220615837893634,0.231110842003564,1.00204345799516,29.9378986656918
"eta[699]",-0.571257506401632,0.630765789059859,0.637479898816553,-1.4527732223026,-1.22272251405247,-0.419838857988622,0.0580949148093806,0.0656918758492695,1.02140205964333,9.43206569006107
"eta[700]",-1.77449844181583,1.04758727096059,1.04823548782279,-2.89209304853888,-2.82322968258211,-1.73145614315391,-0.725998521040684,-0.718570426067378,1.00123792533405,63.7736365351972
"eta[701]",-0.140713956393811,0.0265433763139302,0.0920581477735593,-0.316162934765152,-0.172755244004186,-0.151276114671816,-0.130442864789299,0.0868935891939802,12.0285183936176,1.04498060798645
"eta[702]",-0.205589265434313,0.0183733269706074,0.0623847831216382,-0.330628062762938,-0.235444757517512,-0.202755722409447,-0.185039413210468,-0.0620690652772234,11.5287369929849,1.02361445272527
"eta[703]",0.408557642216091,0.167140635135813,0.180466075717104,0.218760088837751,0.243700879493878,0.329139044332187,0.557919298506305,0.782731122128213,1.16580805812996,3.63253653093539
"eta[704]",-0.383357927922561,0.0704189451207616,0.0893555772950029,-0.47190498454083,-0.451587548264035,-0.431967681401642,-0.325282992749668,-0.178983571865881,1.61014244986005,1.70989814248562
"eta[705]",0.0696155456408734,0.135983429248145,0.146068616040371,-0.0851305035672984,-0.063262755441488,-7.47413139558367e-05,0.194482632872854,0.34187794532514,1.15383006430232,2.92370459777585
"eta[706]",0.147948452423299,0.130300915509308,0.223169737088644,-0.173914700477801,0.00528750810684868,0.0249292296222294,0.360061639265501,0.654819583009015,2.93342959585328,1.9866840778118
"eta[707]",-0.283332672085069,0.0289546922715749,0.071983782850429,-0.418218458161121,-0.31743560366335,-0.301374732212418,-0.256692938657459,-0.101450558427571,6.18061119412769,1.48130528553058
"eta[708]",0.454389414234798,0.296611353740244,0.326765381764022,0.141365863028716,0.167288061542902,0.206547471158197,0.764855723402696,1.08602429886611,1.21365860199898,2.88318924709018
"eta[709]",-0.0476899395247195,0.169681417283742,0.195668137617747,-0.22893564787693,-0.20788651405188,-0.181075649735274,0.1085093499445,0.38409458505322,1.32975507577634,1.95567223115562
"eta[710]",0.461239935254562,0.290502245137776,0.336915000082078,0.155506125182124,0.178060915743198,0.209273240174408,0.80229557797813,1.09741773559342,1.34506015497489,2.49764687348453
"eta[711]",-0.121029948230833,0.126682932781822,0.154942706496877,-0.26536712511439,-0.242534211358792,-0.210660962603401,-0.0538251960295348,0.233266570540814,1.49591204018212,2.93905732884212
"eta[712]",0.345866763733852,0.330569003241504,0.347503038398001,-0.00470115791738376,0.0186819822967511,0.228827297053687,0.672712251558312,0.97253978325209,1.10507805814909,5.69113777016203
"eta[713]",-0.224615473663413,0.184514986027511,0.186117854008037,-0.429831063528367,-0.407907708125686,-0.244886216212046,-0.0452288953280916,0.0361844399047809,1.01744931414775,9.19863242294156
"eta[714]",-0.231342403414874,0.0722385372153729,0.0952038013675558,-0.322189792561097,-0.300444612990381,-0.279015190990762,-0.185209263093172,-0.00302844784090747,1.73688351288707,1.60713116534394
"eta[715]",-0.27905387906827,0.0255359003151728,0.0939980654660392,-0.47575793236388,-0.311428998506599,-0.271650197888073,-0.253587651669243,-0.0407425098249963,13.5498810500824,1.21927393090642
"eta[716]",-0.324105313332911,0.107828596666273,0.115324615913182,-0.448711456575878,-0.429531950484348,-0.376375082858613,-0.234608706509281,-0.0959389771363437,1.14386857108706,2.78198031359382
"eta[717]",0.948519814380711,0.350946597877167,0.35374368991298,0.572135031473398,0.596325385380424,0.866589484184863,1.29999475721908,1.42162202941318,1.01600379461977,7.75930724267263
"eta[718]",0.878337362403119,0.430795790929005,0.438489842546951,0.42599818854759,0.450051208818699,0.726641429275166,1.32129313429516,1.52983338850311,1.03603916291089,5.71370756873735
"eta[719]",0.0897836300687104,0.0769632576110975,0.155029219681592,-0.147669445414006,0.0164396000808423,0.0366958812382352,0.169492633089318,0.499200155747752,4.05751597794737,2.12344442371859
"eta[720]",0.423957934364624,0.283405788038282,0.324197947871299,0.132626174405453,0.154891247610452,0.184501981357789,0.637888958896354,1.24427534866971,1.30858847682965,2.12729536488429
"eta[721]",-0.183594581617495,0.0331169138912562,0.0846131134626069,-0.391438911117017,-0.220276181132489,-0.193436189480119,-0.171611483929804,-0.0145875195210008,6.52793218322675,1.60443416442741
"eta[722]",-0.263899074090031,0.089457864274489,0.0930601022336863,-0.370373645988634,-0.353762623977284,-0.287464471965648,-0.181483055406506,-0.0927924605907954,1.08215631828057,3.6232279710017
"eta[723]",-0.673918517578125,0.0865304169319994,0.108950733128574,-0.780390660227347,-0.76057162066721,-0.741948660233307,-0.562849879524476,-0.456102688460278,1.58534110898646,3.08148287490618
"eta[724]",-0.0332461262852041,0.108870700856921,0.197434835397294,-0.25546858964019,-0.152872730434053,-0.135370269891342,0.0609948648727169,0.530584178380137,3.28870960403671,1.30416665360526
"eta[725]",0.079607186719996,0.161954697933213,0.200552076968954,-0.0988769430664514,-0.0798185257398156,-0.0608193213626184,0.257045885515195,0.510057500697095,1.53344155177221,1.79711863916445
"eta[726]",-1.01972358287083,0.535202806345497,0.535558373800939,-1.60289314960657,-1.55094592165668,-1.01015882734667,-0.484655695704267,-0.46595506959104,1.00132916181926,37.3961808064776
"eta[727]",0.0257300252627049,0.193369678283139,0.206372650835405,-0.180477122723341,-0.16341898284501,-0.106923148976637,0.250401685215156,0.354879818430954,1.1390099973405,3.12796076586448
"eta[728]",-0.596023425331056,0.0567978555020964,0.12929553384931,-0.855734449384599,-0.635649716776969,-0.615660713946031,-0.579562002768319,-0.321919732601643,5.18206874845857,2.43181501296261
"eta[729]",-0.0486120100787387,0.077648724916726,0.17521143356591,-0.2845025768823,-0.140655150845937,-0.121492047061166,0.0152657203447202,0.422145595668476,5.09162287549415,1.29654778240949
"eta[730]",-0.499315809901368,0.145476658491554,0.152722979756784,-0.744170963333501,-0.649766484639065,-0.439995326387187,-0.354351500816824,-0.336498236680243,1.10210289655817,3.53854414011712
"eta[731]",-0.451410823185179,0.0145955871228926,0.0457946500816702,-0.542529371429449,-0.470244977879487,-0.45278752703726,-0.436888048967838,-0.336505045201698,9.84433423740472,1.57764383452203
"eta[732]",0.10191313452775,0.180313491739923,0.235096021245305,-0.134829318093718,-0.0699632108213979,-0.0509106086677873,0.308016130599514,0.633668720195865,1.69994202894006,1.56055611644263
"eta[733]",0.160552711829592,0.168699573420204,0.242191098071477,-0.0401171162924696,-0.0125365031171811,0.0102925475100134,0.345521691323605,0.739100951957041,2.06104931668077,2.52227033871838
"eta[734]",-0.337016770082099,0.267422339423612,0.267601082622578,-0.619203664632379,-0.604607080007272,-0.340067139388551,-0.0702816441207616,-0.0510323331691762,1.00133723259393,29.706961531752
"eta[735]",-0.242858987067458,0.0376117910551039,0.0846960288063213,-0.450220956376198,-0.275705889879861,-0.261906394366942,-0.203217680049331,-0.0667180578786076,5.07081849817888,1.94928000113931
"eta[736]",0.282006839515451,0.287180898208407,0.292162331623984,-0.0219382453233153,-0.00319731108130483,0.189656923553509,0.567795925624795,0.708819169816353,1.03499283805463,6.28854862021207
"eta[737]",-0.414343202956187,0.0271346336322771,0.0321699482651328,-0.478708539903772,-0.436785475044206,-0.4082782048945,-0.388360712817679,-0.369013422551192,1.40557104037138,2.09302532849482
"eta[738]",-0.205756024160574,0.0153340965961982,0.062308010051394,-0.350294057689309,-0.225342033115804,-0.20764604518702,-0.192289124869185,-0.0658932861325711,16.5109238006674,1.08746567052644
"eta[739]",0.53157477020294,0.300843565464359,0.302175761880846,0.211718948793149,0.23131732742885,0.493391942763019,0.829767145985447,0.91077100910801,1.00887601523132,15.3879131785877
"eta[740]",-0.09896896439474,0.0826513708943198,0.0843856142210487,-0.198677523808968,-0.181504443997783,-0.112485015259049,-0.0123212802320059,0.0182632411319151,1.04240553551166,4.84838605083251
"eta[741]",-0.0404537699401332,0.13761325282849,0.149402859237552,-0.209919459677138,-0.171596722092156,-0.124169536041955,0.0851907188531948,0.259705617524948,1.17868375174369,2.82404263361319
"eta[742]",0.0163779481390919,0.228481209247485,0.251407173855478,-0.237856067634399,-0.203845862807533,-0.174858142191139,0.297499826016312,0.425382031511248,1.21074965737922,2.39032405555989
"eta[743]",0.00515254806868771,0.0830672600596429,0.107445295926354,-0.109894173686885,-0.0782449383050624,-0.0564959525861114,0.111671720565313,0.204586211550433,1.67307358064651,2.36378863778022
"eta[744]",-0.204015816314361,0.143137333051978,0.15018593337103,-0.371226873244041,-0.343346996861662,-0.275788026454182,-0.0500391655809812,0.0384831603892569,1.10091217238701,3.30782396006571
"eta[745]",0.116504410949127,0.0916189304632374,0.220813451223345,-0.238265817542215,-0.00332375954739996,0.027443909453844,0.239562597604593,0.684226454822272,5.80872232091535,1.45545489027509
"eta[746]",-0.192985009246162,0.160653835126053,0.192669553973832,-0.382530635294424,-0.348512023547921,-0.322770257856021,-0.00707170630753962,0.193161177878907,1.43828181358521,1.97229969275169
"eta[747]",0.080880632766641,0.361536152759021,0.364140635625176,-0.321631127283077,-0.275757043820278,-0.0038851420819571,0.458648256076909,0.523774342760928,1.01445976624226,9.83547739269059
"eta[748]",0.298384451235081,0.273171140803558,0.275980660132609,-0.00653490968805581,0.0280975925379364,0.225913069884354,0.579787754166862,0.675097551736464,1.02067544205506,6.94851109430201
"eta[749]",0.266239869833132,0.142622883086434,0.154950102739725,0.0898623131727914,0.131901757499939,0.173500614465004,0.4228672233991,0.540849430846236,1.18033507903697,3.71608684374864
"eta[750]",-0.211776133589539,0.0527913996302081,0.115192374173113,-0.513637176064914,-0.223934643306563,-0.182782145539446,-0.154164329918795,-0.0567261092026305,4.76125131980014,2.49662100549221
"eta[751]",-0.235506065751059,0.103856622452735,0.259955469246293,-0.688386653546153,-0.351746820595618,-0.318285846754626,-0.117554662338373,0.426406888704259,6.26512194751903,1.34725260754156
"eta[752]",-1.00823277820323,0.374362941841803,0.375717833933697,-1.46918806143487,-1.36875962476988,-0.988880202113749,-0.630848778282017,-0.609560907806572,1.00725148645239,12.2575857076308
"eta[753]",-0.523554438832881,0.176900243079966,0.178401137640764,-0.743728598412859,-0.710065245014871,-0.521600678992583,-0.342871157757112,-0.319601458238599,1.01704080942493,9.32384566394605
"eta[754]",-0.18056590067861,0.148904045865238,0.151054863527962,-0.365717342207195,-0.325960220575036,-0.215199252443178,-0.0293575952757351,0.028210734391208,1.02909727803897,5.93437360706382
"eta[755]",0.290241774602009,0.306679269451139,0.307470945777455,-0.0486159217334984,-0.0135873941830364,0.269824923565794,0.591485043496714,0.655055237783247,1.00516955817088,14.2105054339912
"eta[756]",-0.264078583261755,0.155015716501586,0.174552824910513,-0.4486870070916,-0.412493778425344,-0.378605767804448,-0.112785856093033,0.0765893133411519,1.26795050030262,2.97637627996883
"eta[757]",0.487028655875099,0.270982823299891,0.272817287626632,0.181636562222554,0.219378871832099,0.441320771326044,0.764994953885762,0.824077229686513,1.0135851687093,9.60170026250995
"eta[758]",-0.154094765294445,0.0321029421749381,0.0517638895038871,-0.279449972101511,-0.172769329579236,-0.14313736992203,-0.115493278055237,-0.0932467006987247,2.59994481482868,1.4104599813944
"eta[759]",-0.208880776853967,0.0441565261197453,0.155116666252225,-0.568407213601479,-0.268102842218715,-0.235493820778313,-0.170724626399383,0.165766791619897,12.3403400196943,1.04574258177387
"eta[760]",-0.220350299700416,0.0375782837023009,0.0792503261822729,-0.438958642572247,-0.229339483488677,-0.190536254936036,-0.170971263037653,-0.144322838378631,4.44762574061213,1.44131171917965
"eta[761]",0.45968837131626,0.39297722217624,0.411943136215019,0.0527396950321317,0.0744599304316765,0.214867100287055,0.843127179728163,1.20675371799229,1.09885347321303,3.57524130929895
"eta[762]",0.352830075540944,0.484174558804126,0.48635238173194,-0.153678644828472,-0.131679367591526,0.307543779892721,0.839551137320283,0.935530240491318,1.00901625591369,11.2149857249143
"eta[763]",-0.224024995264161,0.323856471464567,0.329569141356199,-0.573613596336943,-0.545777620731677,-0.352710718858551,0.105199755466965,0.226846226779104,1.03559017498186,7.78782130532975
"eta[764]",0.461477592691675,0.554567533216127,0.556028793911929,-0.121986490936772,-0.0921053596128306,0.431607129340144,1.00330261509763,1.11218948739903,1.00527685371579,14.6313355671675
"eta[765]",0.5055530296338,0.383871813428523,0.405802102324152,0.102786248475925,0.131153095594546,0.279692989728107,0.887119441132578,1.2313163275323,1.11752214159267,3.21240607312099
"eta[766]",0.522714069945638,0.429354641234582,0.43662715496415,0.0730846206448532,0.0970937262993295,0.386795597455302,0.99924680320636,1.08438327730097,1.03416339236468,5.68382651045069
"eta[767]",0.640475807606598,0.602250028937927,0.604495385703962,0.0111601115061669,0.0390270838553791,0.551528557992445,1.26206850331837,1.35033092456766,1.00747046016558,12.5365509795733
"eta[768]",-0.170113503482744,0.172778164246121,0.204326485429433,-0.357452768676202,-0.335870142612326,-0.300841762635177,-0.0174239903481954,0.256305537912384,1.39852945946599,2.05698680176424
"eta[769]",0.536520193938307,0.312818388901076,0.317835190902849,0.200143088408774,0.225964501754926,0.45682321219247,0.854691292098583,0.996159159129301,1.03233205258092,5.50093684226462
"eta[770]",0.535768619505513,0.524926645376605,0.56378339975982,-0.00948070677477324,0.0195703758280589,0.16799957743901,1.07740267593136,1.57493737473574,1.15352585184542,4.25572332775503
"eta[771]",-0.302280378126828,0.123374126161557,0.196805563817975,-0.591563378354745,-0.433806198613421,-0.41596165931341,-0.104441253172381,0.0848643504938297,2.54464126022584,1.94232657855652
"eta[772]",0.828233356382767,0.615731248933612,0.617118256156863,0.188137981454012,0.212368131684391,0.790673469463052,1.44738539264563,1.54741432218979,1.00451031005587,16.303537398277
"eta[773]",0.91242936303207,0.599646967934685,0.602886039709452,0.290080895049762,0.313920242446182,0.837143111850261,1.53618985292059,1.65756790396267,1.01083244003232,19.0095265099964
"eta[774]",1.05270241208869,0.739931768188821,0.74102394636835,0.289984149872457,0.313023825224817,1.01382579553399,1.78244621849485,1.90517398555017,1.0029542838481,19.4974577119701
"eta[775]",0.179830382768754,0.353359901430326,0.354361165816042,-0.199201332779782,-0.173501356732624,0.156848266970202,0.54073265398896,0.588078081882946,1.00567513716211,14.0235587240514
"eta[776]",0.373538193185223,0.385362529099311,0.388465746322417,-0.0371964386440668,-0.0114123721693964,0.322898708802138,0.758180944967495,0.877630734351905,1.01617028984534,10.293572853857
"eta[777]",0.592225476338698,0.422054829597291,0.428247779813561,0.149306635181219,0.172681062391715,0.455605846676555,1.00880364463717,1.20968367108035,1.02956196864956,5.72428301935687
"eta[778]",0.435966207880453,0.313543437019011,0.320052557857789,0.0964600561742147,0.125186935572153,0.36889570719528,0.745293100181515,0.908231632213822,1.04195071120563,9.20328412124215
"eta[779]",-0.169423373438497,0.247761044294387,0.248600157130583,-0.443507971717044,-0.416785220281132,-0.188055268724594,0.0846273182081001,0.118889754276673,1.00678503583998,11.8964817840271
"eta[780]",0.737411893582788,0.548492978456653,0.577256451122827,0.169306385954203,0.196199922808321,0.469481113469256,1.2282833218522,1.79644172597281,1.10763187574701,3.54740577907165
"eta[781]",-0.590244831788035,0.0796094578812202,0.0831634296381436,-0.734179026918575,-0.663584960272799,-0.55174125138247,-0.506931981680758,-0.499187865847652,1.09127812427159,3.43098640913074
"eta[782]",-0.284450137056397,0.249302393181032,0.250305062131944,-0.585845051957753,-0.535511917704164,-0.249850015193446,-0.0332928053505904,-0.0240165314062825,1.00805997290702,11.7792623343918
"eta[783]",-0.792577861212591,0.285561765031112,0.287836074663263,-1.17283609048229,-1.07315764914096,-0.761952682344433,-0.503401705305919,-0.496303746600442,1.01599210114206,16.2065273269245
"eta[784]",-0.091892689511657,0.118003892868269,0.141200393183135,-0.224192055326834,-0.205944831691951,-0.191807956029972,0.0280725866478004,0.199535164934075,1.43178939990225,1.93039228143369
"eta[785]",-0.424399369540978,0.0311373842826495,0.0449576722757346,-0.532919381548323,-0.460151094207623,-0.408498217300378,-0.388640535484164,-0.378830516541518,2.08469911095115,2.19489146161875
"eta[786]",-0.721088405008307,0.360865436649997,0.361455034621206,-1.13608743774986,-1.07773835652344,-0.698372551697936,-0.357429501503074,-0.350898472115973,1.00327035823855,20.9998844548377
"eta[787]",-0.799397416491343,0.366733928613909,0.390105963916554,-1.40895958503752,-1.22507636251773,-0.609017268975693,-0.435214538123982,-0.425345497928719,1.13152198877631,5.08664361564083
"eta[788]",-0.794507638118758,0.333481057090318,0.333679087196576,-1.15165541730329,-1.12910494859017,-0.788123081131439,-0.458327867174596,-0.451949360034936,1.00118800693397,33.5816958064036
"eta[789]",-0.981696923115702,0.452630816351769,0.455742791481528,-1.58211616486692,-1.41554981183075,-0.911903776402753,-0.52750915054462,-0.520056614369107,1.01379788077512,11.723088998506
"eta[790]",-0.546891547339311,0.226471759836008,0.238936065154531,-0.927277717788104,-0.81385733476032,-0.446990327020935,-0.319757265184433,-0.312520814200961,1.11310287638344,4.86432219877399
"eta[791]",-0.257871418950547,0.0295264349247058,0.064031806602834,-0.369156469503369,-0.292395752206935,-0.277674933624817,-0.219161587247744,-0.101115260964103,4.70294051084577,1.43217018674074
"eta[792]",-0.00280380979356252,0.0571822572181833,0.132795091107061,-0.259926093867942,-0.0633802691936362,-0.0423626935501297,0.0908232725942158,0.280281741131104,5.39313700391871,1.53693178401615
"eta[793]",-0.612860142831588,0.16840542785124,0.191927412036522,-0.981101811504939,-0.758731874526011,-0.507135989700487,-0.446533508093109,-0.439295131964328,1.29885851076855,4.49410916605397
"eta[794]",-0.278068883867298,0.2978852631472,0.301835073186129,-0.670186209560618,-0.597434244157601,-0.168404056005216,0.0185108713077354,0.0327952306994451,1.02669481700859,6.00893503909212
"eta[795]",0.26830701129438,0.0517448584693139,0.197516483216094,-0.26415341183196,0.239674292032888,0.315845488450871,0.327052393021484,0.597991656585949,14.5704270855214,1.140823449318
"eta[796]",-0.603029959296107,0.240956915894843,0.241185692109064,-0.86760281367243,-0.84271490268594,-0.599678807733061,-0.359775359682233,-0.352780406412714,1.00189979871715,28.4682276211444
"eta[797]",0.048291286396847,0.0515590045523315,0.0731459276849792,-0.134516909797421,-0.00169390439231728,0.0861409185133146,0.099179905957999,0.132263780490837,2.0126638995179,1.90365922334135
"eta[798]",-0.421002073908788,0.178458987336184,0.179201869562371,-0.643897316001763,-0.593075348276073,-0.414434107940456,-0.240727611308579,-0.226809355214565,1.00834285185762,14.4928858218413
"eta[799]",-1.02185906096035,0.459937980025921,0.460313084262858,-1.52422523234684,-1.47523034527381,-1.00557927121086,-0.56056239861106,-0.551443867341077,1.00163177303073,46.04818129807
"eta[800]",-0.377101766413272,0.420435045605168,0.420568388905772,-0.815314393061308,-0.797144839750093,-0.376619104922508,0.0438123302952628,0.0567783617450066,1.00063441165184,54.3385182831036
"death_time[1]",42.6760264230081,0.25832311367861,0.385057646642306,41.869348066182,42.4319581693253,42.6970930748973,42.9522979796035,43.3754696078538,2.22190236328748,1.32656073807957
"death_time[2]",8.11250419077228,0,0,8.11250419077228,8.11250419077228,8.11250419077228,8.11250419077228,8.11250419077228,1.001001001001,0.999333110962839
"death_time[3]",1.48469695081475,0,0,1.48469695081475,1.48469695081475,1.48469695081475,1.48469695081475,1.48469695081475,1.001001001001,0.999333110962839
"death_time[4]",18.7568260180238,0.0839346598432429,0.340676139293782,18.0630767048982,18.5338213116186,18.7499980089105,18.9803603323481,19.466313998395,16.4740645930515,1.14889677433993
"death_time[5]",1.47355010411616,0,0,1.47355010411616,1.47355010411616,1.47355010411616,1.47355010411616,1.47355010411616,1.001001001001,0.999333110962839
"death_time[6]",36.2135497132247,0.0436080031911801,0.300229378888544,35.6249154211525,36.0151644349969,36.2192894482468,36.4255266805503,36.7729687696859,47.3995233010939,1.0533146282256
"death_time[7]",4.79301853284917,0,0,4.79301853284917,4.79301853284917,4.79301853284917,4.79301853284917,4.79301853284917,1.001001001001,0.999333110962839
"death_time[8]",7.64025913730991,0,0,7.64025913730991,7.64025913730991,7.64025913730991,7.64025913730991,7.64025913730991,1.001001001001,0.999333110962839
"death_time[9]",2.94562406726635,0,0,2.94562406726635,2.94562406726635,2.94562406726635,2.94562406726635,2.94562406726635,1.001001001001,0.999333110962839
"death_time[10]",26.3716329084845,0.235927759246196,0.441176143461881,25.3696315348309,26.1618860800095,26.4867199527339,26.671000138694,27.0080409343275,3.49676103482276,1.73043409088744
"death_time[11]",107.724085758876,0.0827885286826857,0.477839390612664,106.756238606672,107.415184326409,107.714102251455,108.034441834556,108.69715392566,33.3137534297615,1.0521317805668
"death_time[12]",43.968395220915,0.235206592004689,0.423615106144347,42.9862602645569,43.7274584632254,44.0147270341704,44.2584235813038,44.6739413121453,3.24372403456339,1.29246962660758
"death_time[13]",37.9941398537715,0.126644398217983,0.373483254269175,37.2964217157501,37.7268735642529,37.9894556309144,38.2500429869139,38.7396289767696,8.69701660412732,1.30505237612518
"death_time[14]",2.98953906201826,0,0,2.98953906201826,2.98953906201826,2.98953906201826,2.98953906201826,2.98953906201826,1.001001001001,0.999333110962839
"death_time[15]",17.2662452142048,0.215559343461269,0.349806087665702,16.6527055987236,16.9744220863363,17.2672884988182,17.5364347670853,17.9217640094285,2.63342541197491,1.33004700579727
"death_time[16]",17.0742314204726,0.100316793664608,0.353583162386104,16.3746627233665,16.8206214821356,17.1281283937848,17.3085233104987,17.7398289108239,12.4232683404988,1.16931911442812
"death_time[17]",0.246973825337551,0,0,0.246973825337551,0.246973825337551,0.246973825337551,0.246973825337551,0.246973825337551,1.001001001001,0.999333110962839
"death_time[18]",9.5414143215703,NA,0,9.5414143215703,9.5414143215703,9.5414143215703,9.5414143215703,9.5414143215703,NA,NA
"death_time[19]",94.9005037126355,0.227561522532941,0.494495377627143,93.8297091662195,94.6032584917388,94.9309028007931,95.2458455431487,95.7722246295541,4.72200900552812,1.16233469733478
"death_time[20]",94.9662577962495,0.220445291536543,0.545285318882186,93.6069463719107,94.7192684383759,95.0395329673221,95.3265442840001,95.859950063656,6.1185139646361,1.25930037264255
"death_time[21]",1078.7703482213,0.771629791263849,3.83495247810316,1071.38797950622,1076.30566086064,1078.90501231023,1081.45486687629,1085.8853019346,24.7002870288784,1.10031772200937
"death_time[22]",75.49942564897,0.072375175102122,0.375742465255567,74.6819460936718,75.2776607360705,75.5340799511892,75.761470323373,76.1611791098848,26.9526397170813,1.06125235645888
"death_time[23]",41.8009956805187,0.064647736790163,0.350060700070972,41.0272920834268,41.5798596179889,41.8293261630142,42.0452640705531,42.4085584802409,29.3210867494631,1.0787513606638
"death_time[24]",8.08311828422544,0,0,8.08311828422544,8.08311828422544,8.08311828422544,8.08311828422544,8.08311828422544,1.001001001001,0.999333110962839
"death_time[25]",10.4817605669925,0,0,10.4817605669925,10.4817605669925,10.4817605669925,10.4817605669925,10.4817605669925,1.001001001001,0.999333110962839
"death_time[26]",92.8518016808583,0.0820062376066979,0.468032216328278,91.8729182740222,92.5759057525547,92.8746712607493,93.1510555117742,93.7765174360647,32.5729971945808,1.01545545964834
"death_time[27]",1.13664782221721,0,0,1.13664782221721,1.13664782221721,1.13664782221721,1.13664782221721,1.13664782221721,1.001001001001,0.999333110962839
"death_time[28]",4.01705890827068,0,0,4.01705890827068,4.01705890827068,4.01705890827068,4.01705890827068,4.01705890827068,1.001001001001,0.999333110962839
"death_time[29]",97.1402864142827,0.295718380062699,0.487702497211423,96.2439904308962,96.785697022185,97.118818027361,97.4647953514408,98.1485102866824,2.7199024092515,1.3344348079389
"death_time[30]",53.8269917481551,0.0847560358999018,0.403877917433865,53.088274736448,53.5596106274009,53.8014719708328,54.0633910283694,54.7520647887177,22.7069573310717,1.13671048426674
"death_time[31]",17.5457915033487,0.136948535507568,0.342330975433982,16.8835911415167,17.3079570518028,17.5436968684221,17.7800927841976,18.1956842271228,6.24852641886591,1.19465242976775
"death_time[32]",77.7374895219773,0.0504605273811275,0.338546464599098,77.1125035755012,77.499807919389,77.7261018487735,77.9698439012256,78.4036853658993,45.0124855950117,1.05826080330481
"death_time[33]",16.7279970314983,0.184937190997995,0.344016137901733,16.1484459774741,16.4845873997982,16.6928901643577,16.929002480526,17.5564332250065,3.46026307331491,1.23048183153646
"death_time[34]",44.2729601946362,0.0399182239963899,0.317873630129632,43.6710880734994,44.0659668125213,44.2717574700772,44.4741770239225,44.9225636326052,63.4112890153098,1.00667310158417
"death_time[35]",0.0131040895545749,0,0,0.0131040895545749,0.0131040895545749,0.0131040895545749,0.0131040895545749,0.0131040895545749,1.001001001001,0.999333110962839
"death_time[36]",4.77922762429113,0,0,4.77922762429113,4.77922762429113,4.77922762429113,4.77922762429113,4.77922762429113,1.001001001001,0.999333110962839
"death_time[37]",147.626476075396,0.075347623393927,0.512154652114007,146.672962175003,147.264351782324,147.626921977532,147.969370635934,148.671405284294,46.202250143697,1.01782528499656
"death_time[38]",2.06004425284649,0,0,2.06004425284649,2.06004425284649,2.06004425284649,2.06004425284649,2.06004425284649,1.001001001001,0.999333110962839
"death_time[39]",71.9029454944413,0.057375056772728,0.363262421688425,71.220106482888,71.6530008894541,71.8848377452229,72.156072960963,72.61553059224,40.0861817401794,1.00158396596165
"death_time[40]",35.7508669674448,0.10913593421282,0.36733953954229,35.1239014357422,35.4731456522717,35.7176321693063,35.9800638262993,36.5522063404595,11.329214871247,1.08407617522392
"death_time[41]",0.853929863202381,0,0,0.853929863202381,0.853929863202381,0.853929863202381,0.853929863202381,0.853929863202381,1.001001001001,0.999333110962839
"death_time[42]",68.782394011991,0.165347324174995,0.471014719163943,67.7658275138882,68.5080315412297,68.8168132847659,69.1022764970663,69.6220945330683,8.11474012000333,1.18000568361112
"death_time[43]",2.38023727736037,0,0,2.38023727736037,2.38023727736037,2.38023727736037,2.38023727736037,2.38023727736037,1.001001001001,0.999333110962839
"death_time[44]",0.710537409507307,0,0,0.710537409507307,0.710537409507307,0.710537409507307,0.710537409507307,0.710537409507307,1.001001001001,0.999333110962839
"death_time[45]",0.755038895113228,0,0,0.755038895113228,0.755038895113228,0.755038895113228,0.755038895113228,0.755038895113228,1.001001001001,0.999333110962839
"death_time[46]",7.62725904104494,0,0,7.62725904104494,7.62725904104494,7.62725904104494,7.62725904104494,7.62725904104494,1.001001001001,0.999333110962839
"death_time[47]",1.93223012225904,0,0,1.93223012225904,1.93223012225904,1.93223012225904,1.93223012225904,1.93223012225904,1.001001001001,0.999333110962839
"death_time[48]",1.39315796534514,0,0,1.39315796534514,1.39315796534514,1.39315796534514,1.39315796534514,1.39315796534514,1.001001001001,0.999333110962839
"death_time[49]",9.55011617879935,0,0,9.55011617879935,9.55011617879935,9.55011617879935,9.55011617879935,9.55011617879935,1.001001001001,0.999333110962839
"death_time[50]",8.87389537908809,0,0,8.87389537908809,8.87389537908809,8.87389537908809,8.87389537908809,8.87389537908809,1.001001001001,0.999333110962839
"death_time[51]",33.4777015785396,0.282572656337266,0.442900090876462,32.5468284775883,33.1549600003349,33.5153028553432,33.8168022335345,34.2025402096194,2.45669516050265,1.32919464122456
"death_time[52]",6.32934100283248,0,0,6.32934100283248,6.32934100283248,6.32934100283248,6.32934100283248,6.32934100283248,1.001001001001,0.999333110962839
"death_time[53]",5.45983313597991,0,0,5.45983313597991,5.45983313597991,5.45983313597991,5.45983313597991,5.45983313597991,1.001001001001,0.999333110962839
"death_time[54]",2.52562102554355,0,0,2.52562102554355,2.52562102554355,2.52562102554355,2.52562102554355,2.52562102554355,1.001001001001,0.999333110962839
"death_time[55]",272.733189781855,0.286453324288331,1.03294979411019,270.568474498563,272.122865628085,272.779663924152,273.427103356262,274.669717349124,13.0032135101724,1.11586988325528
"death_time[56]",13.2396800730777,0.177482450213511,0.354755255628863,12.2131361086153,13.1172177351954,13.2817886827244,13.4679360756805,13.7930675585077,3.99527653829321,1.30981952382924
"death_time[57]",66.5138576979068,0.273281699988386,0.434068777746748,65.6662502460392,66.2059312387443,66.5288531207979,66.8172040158409,67.3513220962635,2.52287652498827,1.27737924428099
"death_time[58]",0.0470303556993104,0,0,0.0470303556993104,0.0470303556993104,0.0470303556993104,0.0470303556993104,0.0470303556993104,1.001001001001,0.999333110962839
"death_time[59]",8.30454395765859,0,0,8.30454395765859,8.30454395765859,8.30454395765859,8.30454395765859,8.30454395765859,1.001001001001,0.999333110962839
"death_time[60]",0.236702913421191,0,0,0.236702913421191,0.236702913421191,0.236702913421191,0.236702913421191,0.236702913421191,1.001001001001,0.999333110962839
"death_time[61]",12.3278323114533,0.0651073462385157,0.229874642624613,12.024537976522,12.1506255348861,12.2879098007972,12.4589916459661,12.8859041060058,12.4658571600383,1.17450608879213
"death_time[62]",20.4058249390167,0.309616107276553,0.403312538867476,19.6272628612402,20.0941923419308,20.4150583188062,20.7249392698845,21.119200843132,1.69682227398274,1.58221589870418
"death_time[63]",18.4924234369628,0.261934631408964,0.456009799070436,17.5373973859467,18.242566554835,18.6129928166238,18.823843581341,19.1570355686376,3.03083648343454,1.68186013980756
"death_time[64]",1.2537792911672,0,0,1.2537792911672,1.2537792911672,1.2537792911672,1.2537792911672,1.2537792911672,1.001001001001,0.999333110962839
"death_time[65]",4.38840169110548,0,0,4.38840169110548,4.38840169110548,4.38840169110548,4.38840169110548,4.38840169110548,1.001001001001,0.999333110962839
"death_time[66]",12.6327377473701,0.143989741831309,0.373130736377341,12.0498088614533,12.3294062594553,12.6529091136216,12.9012724955287,13.3765895550028,6.71519988382417,1.63512154728674
"death_time[67]",6.06989955328522,0,0,6.06989955328522,6.06989955328522,6.06989955328522,6.06989955328522,6.06989955328522,1.001001001001,0.999333110962839
"death_time[68]",41.6473831596691,0.271872029162837,0.377561648251825,40.8851294817078,41.3939078667825,41.6672088816437,41.9144507122073,42.3250292006138,1.92862010333045,1.59193679889474
"death_time[69]",3.53893527179004,0,0,3.53893527179004,3.53893527179004,3.53893527179004,3.53893527179004,3.53893527179004,1.001001001001,0.999333110962839
"death_time[70]",76.4442816315234,0.256524875296927,0.434095562284187,75.588363145679,76.1530705709183,76.4726127534111,76.7433911356768,77.2593252521399,2.86359583382859,1.31865435019714
"death_time[71]",6.02277498634968,0,0,6.02277498634968,6.02277498634968,6.02277498634968,6.02277498634968,6.02277498634968,1.001001001001,0.999333110962839
"death_time[72]",5.55943107727138,0,0,5.55943107727138,5.55943107727138,5.55943107727138,5.55943107727138,5.55943107727138,1.001001001001,0.999333110962839
"death_time[73]",203.430211766609,0.185824753045164,0.797296772265631,201.710492502077,202.962110027025,203.502064990674,203.977948610277,204.864192630151,18.4091138339142,1.10958211065883
"death_time[74]",0.934787719336373,0,0,0.934787719336373,0.934787719336373,0.934787719336373,0.934787719336373,0.934787719336373,1.001001001001,0.999333110962839
"death_time[75]",38.8162037871979,0.0755074811295593,0.380304721120404,37.998953124633,38.5897118053797,38.8321009045278,39.0517076628334,39.5829870772591,25.3678387252119,1.06104963313824
"death_time[76]",9.00854509641603,0,0,9.00854509641603,9.00854509641603,9.00854509641603,9.00854509641603,9.00854509641603,1.001001001001,0.999333110962839
"death_time[77]",1.34766154882208,0,0,1.34766154882208,1.34766154882208,1.34766154882208,1.34766154882208,1.34766154882208,1.001001001001,0.999333110962839
"death_time[78]",0.377217471681637,0,0,0.377217471681637,0.377217471681637,0.377217471681637,0.377217471681637,0.377217471681637,1.001001001001,0.999333110962839
"death_time[79]",10.6742737217835,0,0,10.6742737217835,10.6742737217835,10.6742737217835,10.6742737217835,10.6742737217835,1.001001001001,0.999333110962839
"death_time[80]",67.8663647921602,0.218807352661541,0.422693882302752,66.9541139089333,67.5948787225545,67.8911677555578,68.1490772041649,68.6669868036581,3.73188370224633,1.27084366209663
"death_time[81]",0.0961544777745727,0,0,0.0961544777745727,0.0961544777745727,0.0961544777745727,0.0961544777745727,0.0961544777745727,1.001001001001,0.999333110962839
"death_time[82]",0.23325124141424,0,0,0.23325124141424,0.23325124141424,0.23325124141424,0.23325124141424,0.23325124141424,1.001001001001,0.999333110962839
"death_time[83]",3.78321653330476,0,0,3.78321653330476,3.78321653330476,3.78321653330476,3.78321653330476,3.78321653330476,1.001001001001,0.999333110962839
"death_time[84]",1.73483044036769,0,0,1.73483044036769,1.73483044036769,1.73483044036769,1.73483044036769,1.73483044036769,1.001001001001,0.999333110962839
"death_time[85]",5.84841037844258,0,0,5.84841037844258,5.84841037844258,5.84841037844258,5.84841037844258,5.84841037844258,1.001001001001,0.999333110962839
"death_time[86]",2.17019839838889,0,0,2.17019839838889,2.17019839838889,2.17019839838889,2.17019839838889,2.17019839838889,1.001001001001,0.999333110962839
"death_time[87]",0.426876398118977,0,0,0.426876398118977,0.426876398118977,0.426876398118977,0.426876398118977,0.426876398118977,1.001001001001,0.999333110962839
"death_time[88]",3.88609767740199,0,0,3.88609767740199,3.88609767740199,3.88609767740199,3.88609767740199,3.88609767740199,1.001001001001,0.999333110962839
"death_time[89]",0.106843488525127,0,0,0.106843488525127,0.106843488525127,0.106843488525127,0.106843488525127,0.106843488525127,1.001001001001,0.999333110962839
"death_time[90]",0.749404424979841,0,0,0.749404424979841,0.749404424979841,0.749404424979841,0.749404424979841,0.749404424979841,1.001001001001,0.999333110962839
"death_time[91]",2.15961090306697,0,0,2.15961090306697,2.15961090306697,2.15961090306697,2.15961090306697,2.15961090306697,1.001001001001,0.999333110962839
"death_time[92]",0.192301411673555,0,0,0.192301411673555,0.192301411673555,0.192301411673555,0.192301411673555,0.192301411673555,1.001001001001,0.999333110962839
"death_time[93]",0.549641528696166,0,0,0.549641528696166,0.549641528696166,0.549641528696166,0.549641528696166,0.549641528696166,1.001001001001,0.999333110962839
"death_time[94]",0.50717780211723,0,0,0.50717780211723,0.50717780211723,0.50717780211723,0.50717780211723,0.50717780211723,1.001001001001,0.999333110962839
"death_time[95]",4.39942462719063,0,0,4.39942462719063,4.39942462719063,4.39942462719063,4.39942462719063,4.39942462719063,1.001001001001,0.999333110962839
"death_time[96]",2.94173525876075,0,0,2.94173525876075,2.94173525876075,2.94173525876075,2.94173525876075,2.94173525876075,1.001001001001,0.999333110962839
"death_time[97]",1.23641492257566,0,0,1.23641492257566,1.23641492257566,1.23641492257566,1.23641492257566,1.23641492257566,1.001001001001,0.999333110962839
"death_time[98]",4.06252265973207,0,0,4.06252265973207,4.06252265973207,4.06252265973207,4.06252265973207,4.06252265973207,1.001001001001,0.999333110962839
"death_time[99]",1.55874162419596,0,0,1.55874162419596,1.55874162419596,1.55874162419596,1.55874162419596,1.55874162419596,1.001001001001,0.999333110962839
"death_time[100]",14.2340390264007,0.0746707982541977,0.347120329405309,13.6213271313229,13.9739387093742,14.2279438363691,14.4827415274735,14.8923693100819,21.6101862694625,1.04558324371744
"death_time[101]",27.0399888665584,0.130679088045899,0.343589407244016,26.3159896408204,26.8443262497589,27.0576365659644,27.2821620631793,27.6427185407114,6.91301250190358,1.16527787285342
"death_time[102]",6.24023969515264,0,0,6.24023969515264,6.24023969515264,6.24023969515264,6.24023969515264,6.24023969515264,1.001001001001,0.999333110962839
"death_time[103]",98.70227940058,0.164444801736828,0.429380082093573,97.8434195877371,98.4203996376376,98.7057171621971,98.9810415306941,99.530099167612,6.81778796255589,1.12758516993293
"death_time[104]",157.661477167155,0.199577510014497,0.622249998481264,156.377106955639,157.251639257007,157.726453207614,158.107726050727,158.788093845501,9.7209029778382,1.18117626987914
"death_time[105]",201.662461355118,0.116877752275678,0.671879721502964,200.347494517627,201.214797035987,201.656871026902,202.11120704878,203.012918474719,33.0460355122951,1.07777116470761
"death_time[106]",11.0742391991322,0,0,11.0742391991322,11.0742391991322,11.0742391991322,11.0742391991322,11.0742391991322,1.001001001001,0.999333110962839
"death_time[107]",17.6733469647117,0.149804940595929,0.342459887959612,17.0827605176221,17.4364528018064,17.6548361688604,17.8785155170441,18.3909264284358,5.22597282515961,1.43998271053179
"death_time[108]",98.4809940566745,0.0796201250340437,0.438623776909823,97.579894751604,98.21284100007,98.4908111095802,98.7765323402557,99.3245768758814,30.3485977850962,1.04497379746016
"death_time[109]",619.53643955117,0.448491156661061,2.14794401121268,615.462836191327,618.03642535138,619.614674054663,621.014194698182,623.815948313477,22.9370808496137,1.11331619720292
"death_time[110]",17.2345052128412,0.072426081808984,0.30748463044021,16.6866759984519,17.0033879906291,17.2365457731062,17.4586206058231,17.8082824224108,18.0242350930739,1.26560221875093
"death_time[111]",49.0577449162687,0.119022829826361,0.390672562126078,48.1826822447267,48.8223831616328,49.0832072726294,49.3342399369497,49.7422737843026,10.7737099247438,1.12495473866124
"death_time[112]",45.5179250858204,0.0706415778379781,0.358279784819597,44.6227929179381,45.3234872608507,45.5500889171294,45.761784812963,46.1089013718825,25.723130878239,1.05653683345007
"death_time[113]",141.855659886513,0.0821416292917374,0.520383381361006,140.810613479249,141.513997975594,141.857552587436,142.204857067061,142.86362787712,40.1347176193899,1.05297338609616
"death_time[114]",3.74328278960002,0,0,3.74328278960002,3.74328278960002,3.74328278960002,3.74328278960002,3.74328278960002,1.001001001001,0.999333110962839
"death_time[115]",171.854712722286,0.21080322332255,0.687410595265683,170.548672751256,171.349791436309,171.879143554922,172.346244698446,173.163286549124,10.6335419575278,1.14431573801459
"death_time[116]",1442.54603740707,1.05455035945195,5.09965083512111,1432.73893505903,1439.22724152966,1442.77035722196,1446.05854455453,1452.24515917627,23.3854771331523,1.11210095050518
"death_time[117]",61.9190551114728,0.0827272563558504,0.396882618280142,61.0990440257992,61.6627640803124,61.931018699184,62.1797863893561,62.6635174809758,23.0158445591335,1.03085031054476
"death_time[118]",553.82391742387,0.372122116796751,1.92192869642672,550.22713620094,552.450408449279,553.843148742514,555.158309473649,557.487316284436,26.6749477304841,1.07147353616816
"death_time[119]",177.117205068019,0.10402486200026,0.612816752604479,175.935466327385,176.692772253627,177.120139784348,177.509753114808,178.348745648462,34.7045934813054,1.06663622156586
"death_time[120]",168.095989147334,0.201802316840566,0.595747716309117,166.917267274158,167.705342582624,168.095813576597,168.49279907923,169.269109337237,8.71510204371165,1.12206714436949
"death_time[121]",258.75430991345,0.213973279962109,1.02642172657712,256.549459972768,258.097501775506,258.80016529492,259.476290778608,260.616916018988,23.0108459352293,1.08572962898772
"death_time[122]",60.2692475248276,0.0582094520013076,0.346870355841369,59.552605729832,60.0391162638214,60.284674453123,60.5024222201299,60.9215195069954,35.5097283705863,1.04606744096915
"death_time[123]",42.8469152742436,0.0575562713100757,0.322864986427926,42.2070083713486,42.6247528288658,42.8261387276022,43.0785906621111,43.4748574705992,31.467091103556,1.02317705231866
"death_time[124]",151.411923342219,0.22570697055204,0.597577252286908,150.266746248957,151.015198682092,151.4151755964,151.798966972679,152.619446211796,7.00967964977875,1.14744680108942
"death_time[125]",96.1631677333512,0.0967167588280038,0.473398011633191,95.2610027873187,95.8239881942442,96.1643959400381,96.5011447029371,97.0747150299689,23.9579354747148,1.04726562600892
"death_time[126]",13.5760840319587,0.123321695129481,0.33296949702754,12.9787999769408,13.3203485221923,13.5827063772863,13.8276264632059,14.1904322443054,7.29004029272992,1.55800514585015
"death_time[127]",25.8991374808137,0.139035573502599,0.376899404263167,24.9806878018001,25.6830433883696,25.9543439424058,26.1644311635526,26.5047371406493,7.34850572301017,1.26197070262257
"death_time[128]",50.0639485786521,0.111283276713418,0.419483557705896,49.3597607303125,49.7706903076301,50.0292278999916,50.3055850693898,51.0235478651717,14.2092146707997,1.07595560160294
"death_time[129]",38.6665437786262,0.226220578076688,0.424113660927334,37.940730793176,38.3726767503117,38.6090540975011,38.92233456641,39.5841647117846,3.51479748860087,1.25913621749356
"death_time[130]",15.6783003420434,0.0900248049227958,0.302535602316337,15.0951491028793,15.456372157834,15.6975242738576,15.8877457925633,16.2513780867739,11.2935011757703,1.32294386903702
"death_time[131]",116.029412337418,0.0799707235368814,0.502851862201603,115.089460205392,115.670653476763,116.033154440308,116.360958802135,117.072964996662,39.5383075186226,1.00731282025019
"death_time[132]",61.0170059320854,0.0961964315513349,0.434074595697636,59.9144297978982,60.7922037896031,61.062988575489,61.3158664883178,61.7315817648972,20.3615490499488,1.05354883405984
"death_time[133]",146.623420958798,0.0922981772421811,0.559015588717346,145.549190134068,146.243601832168,146.632486705027,146.995721458246,147.719007725363,36.6827248926265,1.0079816041514
"death_time[134]",0.00684410913117805,0,0,0.00684410913117805,0.00684410913117805,0.00684410913117805,0.00684410913117805,0.00684410913117805,1.001001001001,0.999333110962839
"death_time[135]",88.3790769352815,0.066597761910232,0.395151411583965,87.6522009027097,88.0894529249325,88.3850303505936,88.6636799433939,89.1377823938907,35.205280296466,1.03849647668925
"death_time[136]",99.4344076818457,0.230058923802861,0.532080429974559,98.2748777883596,99.141054109461,99.4779089522999,99.789391829427,100.381171645454,5.349046876096,1.32480899755905
"death_time[137]",9.71091765150786,0,0,9.71091765150786,9.71091765150786,9.71091765150786,9.71091765150786,9.71091765150786,1.001001001001,0.999333110962839
"death_time[138]",16.8256001845195,0.10048690797733,0.346811008680703,16.1072628705675,16.6443333191334,16.8052233485442,16.9962951652508,17.5782496063534,11.9115090017974,1.22847456244102
"death_time[139]",101.322653505997,0.0707895884237955,0.454536670955121,100.389465497416,101.04659556953,101.3382473456,101.616949161951,102.190911527083,41.2286466431943,1.01147920354246
"death_time[140]",14.2534567380613,0.0647441006698352,0.314723534344691,13.6854227052272,14.0118506653982,14.2653555261447,14.4625584725276,14.8893888392419,23.6296905444786,1.02850653413714
"death_time[141]",0.766855970261704,0,0,0.766855970261704,0.766855970261704,0.766855970261704,0.766855970261704,0.766855970261704,1.001001001001,0.999333110962839
"death_time[142]",475.078255871542,1.10456088218853,1.90403755896697,471.419306348496,473.704213170013,475.233358993253,476.339824885824,478.876600864809,2.97147242642884,1.3215870708942
"death_time[143]",2316.93556925042,1.71669230786711,8.24021046623488,2301.54356818848,2311.41368819935,2317.27757538878,2322.58533329976,2332.75983124274,23.040488691994,1.11659229623759
"death_time[144]",31.8154790547758,0.463128694393121,0.543391236211892,30.6703437992406,31.3481364823747,31.9214258220643,32.2688444380848,32.6181432187147,1.37664474177695,1.8599639463939
"death_time[145]",59.638627788299,0.587495423936142,0.665439470120986,58.3641907754857,59.1344461881736,59.6788891822625,60.1890674081898,60.7023035225786,1.28294529391994,2.00575611081461
"death_time[146]",11.4504352643607,0,0,11.4504352643607,11.4504352643607,11.4504352643607,11.4504352643607,11.4504352643607,1.001001001001,0.999333110962839
"death_time[147]",2.48613590494875,0,0,2.48613590494875,2.48613590494875,2.48613590494875,2.48613590494875,2.48613590494875,1.001001001001,0.999333110962839
"death_time[148]",59.8186647910779,0.564450961596632,0.611995135664791,58.7907144587611,59.3086243830944,59.7738496586173,60.3461437305353,60.8663225561409,1.17555649686608,2.47533490187511
"death_time[149]",9.25477275515172,0,0,9.25477275515172,9.25477275515172,9.25477275515172,9.25477275515172,9.25477275515172,1.001001001001,0.999333110962839
"death_time[150]",31.2130746330684,0.553170440987228,0.667666964364777,29.7264247672011,30.7006208487271,31.3609722334755,31.7565799906165,32.1923925088964,1.45680641743745,1.73730923316528
"death_time[151]",182.074647820326,0.763048513857972,0.930282482712634,180.363345088811,181.35499066583,182.08351306697,182.752080004266,183.853118872066,1.48636470745225,1.75932904725549
"death_time[152]",86.235838803704,0.701128979087821,0.763242668148499,84.924024393341,85.5842469999652,86.2237968952361,86.9065912709009,87.483636195356,1.1850302773226,2.44252355158392
"death_time[153]",23.7720379716293,0.648430243922357,0.725456351612926,22.1677542251068,23.2437750746786,23.8166653661737,24.4025287023186,24.8136817350472,1.25168788599988,2.32759650547841
"death_time[154]",150.070617276801,0.790264555686558,0.954885459930573,148.325793482643,149.302343622142,150.185672904904,150.791570915839,151.710297210122,1.46001579192756,1.75620670478956
"death_time[155]",136.593482566712,0.406994802038664,0.641670809379395,135.436892972091,136.092700893336,136.597298068882,137.075350513446,137.79694195178,2.48568928785041,1.385410515853
"death_time[156]",2.92965263406664,0,0,2.92965263406664,2.92965263406664,2.92965263406664,2.92965263406664,2.92965263406664,1.001001001001,0.999333110962839
"death_time[157]",334.95577936926,0.837733320084801,1.40423411981676,332.121022716979,334.066622134975,335.054161228965,335.889329962234,337.619815223484,2.80974860038725,1.29139770401825
"death_time[158]",52.7185217829397,0.58513696191345,0.653085777307397,51.5508688852825,52.1482475498488,52.8185887286181,53.2688058933633,53.7602340799022,1.24573419805655,2.19021607283902
"death_time[159]",323.556085302278,1.1166800909923,1.57128056677869,320.319805898783,322.569760144219,323.726467134354,324.598492550657,326.47727563569,1.97993043707502,1.6180853768295
"death_time[160]",242.212590527484,0.655350713958876,1.02673448243304,240.292456970746,241.424499841728,242.265442504146,242.916300460915,244.215045995446,2.45453224586958,1.32400479765472
"death_time[161]",0.402666861625276,0,0,0.402666861625276,0.402666861625276,0.402666861625276,0.402666861625276,0.402666861625276,1.001001001001,0.999333110962839
"death_time[162]",18.8207060579077,0.122114046729268,0.334852528477716,18.1898500820576,18.5941433657708,18.829707358918,19.054780145984,19.4748010477321,7.51927413086247,1.17748899771234
"death_time[163]",10.0112771932932,0,0,10.0112771932932,10.0112771932932,10.0112771932932,10.0112771932932,10.0112771932932,1.001001001001,0.999333110962839
"death_time[164]",2.47595852612345,0,0,2.47595852612345,2.47595852612345,2.47595852612345,2.47595852612345,2.47595852612345,1.001001001001,0.999333110962839
"death_time[165]",2.20910671356862,0,0,2.20910671356862,2.20910671356862,2.20910671356862,2.20910671356862,2.20910671356862,1.001001001001,0.999333110962839
"death_time[166]",4.82371919393481,0,0,4.82371919393481,4.82371919393481,4.82371919393481,4.82371919393481,4.82371919393481,1.001001001001,0.999333110962839
"death_time[167]",2.26705636869533,0,0,2.26705636869533,2.26705636869533,2.26705636869533,2.26705636869533,2.26705636869533,1.001001001001,0.999333110962839
"death_time[168]",2.84053488139829,0,0,2.84053488139829,2.84053488139829,2.84053488139829,2.84053488139829,2.84053488139829,1.001001001001,0.999333110962839
"death_time[169]",3.39073687029782,0,0,3.39073687029782,3.39073687029782,3.39073687029782,3.39073687029782,3.39073687029782,1.001001001001,0.999333110962839
"death_time[170]",2.53234407477308,0,0,2.53234407477308,2.53234407477308,2.53234407477308,2.53234407477308,2.53234407477308,1.001001001001,0.999333110962839
"death_time[171]",3.2374204973644,0,0,3.2374204973644,3.2374204973644,3.2374204973644,3.2374204973644,3.2374204973644,1.001001001001,0.999333110962839
"death_time[172]",0.273426001304783,0,0,0.273426001304783,0.273426001304783,0.273426001304783,0.273426001304783,0.273426001304783,1.001001001001,0.999333110962839
"death_time[173]",1.12670168321877,0,0,1.12670168321877,1.12670168321877,1.12670168321877,1.12670168321877,1.12670168321877,1.001001001001,0.999333110962839
"death_time[174]",1.34387635358483,0,0,1.34387635358483,1.34387635358483,1.34387635358483,1.34387635358483,1.34387635358483,1.001001001001,0.999333110962839
"death_time[175]",1.23860650514785,0,0,1.23860650514785,1.23860650514785,1.23860650514785,1.23860650514785,1.23860650514785,1.001001001001,0.999333110962839
"death_time[176]",18.9641478817417,0.0703433882044745,0.313498341096561,18.2899003834017,18.7726191063756,18.9745144409747,19.1806204477169,19.5344881669056,19.8620434746711,1.02587449252549
"death_time[177]",0.104682960717747,0,0,0.104682960717747,0.104682960717747,0.104682960717747,0.104682960717747,0.104682960717747,1.001001001001,0.999333110962839
"death_time[178]",7.89545018114035,0,0,7.89545018114035,7.89545018114035,7.89545018114035,7.89545018114035,7.89545018114035,1.001001001001,0.999333110962839
"death_time[179]",6.31821133546321,0,0,6.31821133546321,6.31821133546321,6.31821133546321,6.31821133546321,6.31821133546321,1.001001001001,0.999333110962839
"death_time[180]",0.130941538869237,0,0,0.130941538869237,0.130941538869237,0.130941538869237,0.130941538869237,0.130941538869237,1.001001001001,0.999333110962839
"death_time[181]",1.7927291660799,0,0,1.7927291660799,1.7927291660799,1.7927291660799,1.7927291660799,1.7927291660799,1.001001001001,0.999333110962839
"death_time[182]",18.248973895592,0.10816235615547,0.271714627748551,17.7574099834625,18.0508107165072,18.2178585656162,18.4193782564502,18.8309814011955,6.31064514888627,1.19930091536782
"death_time[183]",18.1217897102728,0.230245448427601,0.448626050071391,16.8537424123936,17.9685058365413,18.1881654677861,18.3976354748225,18.8153329868798,3.79653028321947,1.3942560478396
"death_time[184]",27.7003122164238,0.180338382136218,0.338270578614515,27.0967765103275,27.4396233548187,27.6993598048398,27.9531379964051,28.345936595947,3.51845591782799,1.25522364853895
"death_time[185]",4.18978499702918,0,0,4.18978499702918,4.18978499702918,4.18978499702918,4.18978499702918,4.18978499702918,1.001001001001,0.999333110962839
"death_time[186]",4.45750738211855,0,0,4.45750738211855,4.45750738211855,4.45750738211855,4.45750738211855,4.45750738211855,1.001001001001,0.999333110962839
"death_time[187]",11.0853221449747,0,0,11.0853221449747,11.0853221449747,11.0853221449747,11.0853221449747,11.0853221449747,1.001001001001,0.999333110962839
"death_time[188]",7.87554046400575,0,0,7.87554046400575,7.87554046400575,7.87554046400575,7.87554046400575,7.87554046400575,1.001001001001,0.999333110962839
"death_time[189]",4.42432749587682,0,0,4.42432749587682,4.42432749587682,4.42432749587682,4.42432749587682,4.42432749587682,1.001001001001,0.999333110962839
"death_time[190]",8.16496915934757,0,0,8.16496915934757,8.16496915934757,8.16496915934757,8.16496915934757,8.16496915934757,1.001001001001,0.999333110962839
"death_time[191]",0.675497309335415,0,0,0.675497309335415,0.675497309335415,0.675497309335415,0.675497309335415,0.675497309335415,1.001001001001,0.999333110962839
"death_time[192]",31.585069378073,0.172960186942403,0.411130872410432,30.5280009511184,31.3671886260074,31.6419081977897,31.8683911844472,32.2387951781104,5.65025290932087,1.1591360400753
"death_time[193]",14.4870030878078,0.327946967825089,0.435264994680282,13.6801642105582,14.1817665547667,14.5177610167946,14.8176016795977,15.2648747572537,1.76157136873645,1.51667100492101
"death_time[194]",0.418992151558464,0,0,0.418992151558464,0.418992151558464,0.418992151558464,0.418992151558464,0.418992151558464,1.001001001001,0.999333110962839
"death_time[195]",45.4167357067835,0.287658657896621,0.451826235057526,44.490053899591,45.0870264735628,45.4701637925271,45.7419444587161,46.2089581590042,2.46710702006647,1.60021614706398
"death_time[196]",2.43815975253499,0,0,2.43815975253499,2.43815975253499,2.43815975253499,2.43815975253499,2.43815975253499,1.001001001001,0.999333110962839
"death_time[197]",75.5585211212336,0.143102283983039,0.392165434869887,74.7945333339472,75.2905271753036,75.5664945410973,75.8312256721174,76.2930204326142,7.51009610488409,1.09261285712604
"death_time[198]",11.2350160728626,0,0,11.2350160728626,11.2350160728626,11.2350160728626,11.2350160728626,11.2350160728626,1.001001001001,0.999333110962839
"death_time[199]",1.94393189760626,0,0,1.94393189760626,1.94393189760626,1.94393189760626,1.94393189760626,1.94393189760626,1.001001001001,0.999333110962839
"death_time[200]",0.615028934243703,0,0,0.615028934243703,0.615028934243703,0.615028934243703,0.615028934243703,0.615028934243703,1.001001001001,0.999333110962839
"death_time[201]",13.7291901870914,0.0388912572296848,0.272451546994221,13.2407945462213,13.5324964901116,13.7207522423907,13.9206066877697,14.2739491854061,49.0766139591847,1.06390098657847
"death_time[202]",14.4794563248656,0.309645609373924,0.389155593095369,13.8551642227673,14.1698250853903,14.42724858831,14.7730138532589,15.2877240657119,1.57948934568441,1.83364385292211
"death_time[203]",53.4179592559304,0.239636240148404,0.459200741052211,52.6485180561986,53.0974211128268,53.3627164605726,53.6993532870802,54.4821116450738,3.67197881192079,1.39404706966362
"death_time[204]",369.661467663535,0.261026396431054,1.32212929786926,367.157558210403,368.740224940427,369.722975429537,370.58433699211,372.168466124228,25.6554125467162,1.10982515429687
"death_time[205]",5.77925050173271,0,0,5.77925050173271,5.77925050173271,5.77925050173271,5.77925050173271,5.77925050173271,1.001001001001,0.999333110962839
"death_time[206]",5.74270754421272,0,0,5.74270754421272,5.74270754421272,5.74270754421272,5.74270754421272,5.74270754421272,1.001001001001,0.999333110962839
"death_time[207]",191.968214592553,0.118780063873769,0.691498920172673,190.669178224117,191.487786612483,191.982547959633,192.456286099382,193.274514483513,33.891899003819,1.064249005511
"death_time[208]",10.6724263703861,0,0,10.6724263703861,10.6724263703861,10.6724263703861,10.6724263703861,10.6724263703861,1.001001001001,0.999333110962839
"death_time[209]",0.759081144922406,0,0,0.759081144922406,0.759081144922406,0.759081144922406,0.759081144922406,0.759081144922406,1.001001001001,0.999333110962839
"death_time[210]",18.0667805520684,0.198397086500811,0.289644704629073,17.5376033884948,17.8443928534145,18.0632007830234,18.3113553463001,18.5718577899456,2.13137862319583,1.41690958548693
"death_time[211]",15.2470340899918,0.462476305555013,0.562364530997574,14.4328432519745,14.8063386497965,15.1519105481672,15.684033744993,16.4186727897466,1.47862099571675,2.30824234509493
"death_time[212]",5.59176115882316,0,0,5.59176115882316,5.59176115882316,5.59176115882316,5.59176115882316,5.59176115882316,1.001001001001,0.999333110962839
"death_time[213]",80.4453201330684,0.131988040907466,0.45664445755891,79.6345169046812,80.1282387519185,80.4145596390854,80.739115114011,81.4017979211159,11.9698088839012,1.10241719741256
"death_time[214]",12.7722256975097,0.0739927051615035,0.236719912106849,12.2981851299154,12.6301096852996,12.750978809057,12.930836433014,13.2478715763491,10.235092479642,1.20912686945957
"death_time[215]",91.0879286366252,0.107455718630026,0.497830119539915,90.0970749240688,90.7516406417617,91.1138815505121,91.4237446402475,92.0356772506016,21.4636348515206,1.03515375798331
"death_time[216]",248.10132803978,0.155457708045616,0.886696846111164,246.250927424291,247.521098349263,248.121399228482,248.728833308101,249.732078299437,32.533126843355,1.05002098930117
"death_time[217]",3.88112783907319,0,0,3.88112783907319,3.88112783907319,3.88112783907319,3.88112783907319,3.88112783907319,1.001001001001,0.999333110962839
"death_time[218]",7.88673317342608,0,0,7.88673317342608,7.88673317342608,7.88673317342608,7.88673317342608,7.88673317342608,1.001001001001,0.999333110962839
"death_time[219]",158.382172342537,0.114720206368254,0.631151767682184,157.11455205334,157.955199278252,158.393446278897,158.847434390349,159.508786034613,30.2682816616953,1.02889664027221
"death_time[220]",51.1709299673739,0.0479792510832966,0.354271103670367,50.5120240580899,50.9283824610071,51.1524800949796,51.3975139855271,51.8963073449076,54.5210901758522,1.01395653526853
"death_time[221]",56.6426387855884,0.374193350035172,0.471036889923401,55.7600537575418,56.2967166539693,56.673119889949,56.9935714468638,57.5029064126466,1.58459292065402,1.55819929434426
"death_time[222]",29.2679930676752,0.366201001425028,0.46278817206405,28.4334471009052,28.9006199699659,29.2845908214257,29.642347260852,30.0777068733829,1.59707549568701,1.84661253704755
"death_time[223]",0.0187776077116244,0,0,0.0187776077116244,0.0187776077116244,0.0187776077116244,0.0187776077116244,0.0187776077116244,1.001001001001,0.999333110962839
"death_time[224]",30.0342523736807,0.332124001545745,0.464781822205129,28.970287814623,29.7725669305397,30.0952766336341,30.3653655783371,30.8048846256892,1.95838351596983,1.48470325984185
"death_time[225]",349.16702858296,0.26992110634546,1.26320980547008,346.641654961656,348.268972735112,349.234094022746,350.032426102353,351.540729483801,21.9016727563441,1.11411318533938
"death_time[226]",8.13001136561034,0,0,8.13001136561034,8.13001136561034,8.13001136561034,8.13001136561034,8.13001136561034,1.001001001001,0.999333110962839
"death_time[227]",105.06524000908,0.138472283972669,0.480450751212126,104.049523145094,104.764621532203,105.082234224518,105.39123061416,106.001366280413,12.0384907231316,1.12726958342543
"death_time[228]",1.97835606532025,0,0,1.97835606532025,1.97835606532025,1.97835606532025,1.97835606532025,1.97835606532025,1.001001001001,0.999333110962839
"death_time[229]",1.41646498236524,0,0,1.41646498236524,1.41646498236524,1.41646498236524,1.41646498236524,1.41646498236524,1.001001001001,0.999333110962839
"death_time[230]",24.136694354508,0.570537700822214,0.681062984522666,22.9647045003981,23.4422581131955,24.3491823824587,24.7011715051763,25.0857062015681,1.42497045251666,2.66553149157244
"death_time[231]",10.3157844227317,0,0,10.3157844227317,10.3157844227317,10.3157844227317,10.3157844227317,10.3157844227317,1.001001001001,0.999333110962839
"death_time[232]",5.38091880376202,0,0,5.38091880376202,5.38091880376202,5.38091880376202,5.38091880376202,5.38091880376202,1.001001001001,0.999333110962839
"death_time[233]",18.2036422091461,0.249668729803554,0.385248149705657,17.4680209716588,17.9104388834259,18.2220751319232,18.4874978372362,18.8998842717023,2.38096394819535,1.40710657482197
"death_time[234]",96.4463256919894,0.0792151875923533,0.456770837271256,95.4973254794792,96.1540488432829,96.4469303506993,96.7389844630442,97.3483771091661,33.2490948433661,1.05985458157899
"death_time[235]",24.8836802344004,0.180703310844174,0.398399500941703,23.9868684971919,24.6629123093596,24.9117809169389,25.1500079170784,25.607992576116,4.86077313528856,1.2263688226487
"death_time[236]",159.995050578249,0.275687712056234,0.723787607212069,158.378356492099,159.602031290453,160.070230627103,160.493890874653,161.242044428005,6.8926696972241,1.1574512794043
"death_time[237]",7.17146781223083,0,0,7.17146781223083,7.17146781223083,7.17146781223083,7.17146781223083,7.17146781223083,1.001001001001,0.999333110962839
"death_time[238]",30.2018528850308,0.123722927769854,0.41374228065977,29.406876174162,29.8957403824228,30.2010334809028,30.4946521797642,30.9810091340938,11.1830284822098,1.38925390106163
"death_time[239]",60.4636705179818,0.237220987939982,0.420425355858426,59.5664161709798,60.1944072719235,60.4890715552063,60.758337737721,61.2230931850937,3.14102635502287,1.25348005867246
"death_time[240]",378.513275886689,0.433698532228711,1.39049874531582,375.646256637357,377.716972424954,378.587585334184,379.424905409888,381.192198703161,10.2793415829633,1.16356501847186
"death_time[241]",138.823873352597,0.440064114423353,0.685238301829664,137.261421091307,138.435057229524,138.863071144322,139.277904905763,140.072941146431,2.42466280564433,1.38198311241701
"death_time[242]",6.1872241000839,0,0,6.1872241000839,6.1872241000839,6.1872241000839,6.1872241000839,6.1872241000839,1.001001001001,NA
"death_time[243]",652.783488644681,0.633300094803344,2.36235641047855,648.248199499664,651.233762381018,652.883676706686,654.367810283582,657.460980724096,13.9146323198713,1.14296479616021
"death_time[244]",210.050010843103,0.488592106910249,0.840937841208999,208.493176282762,209.443378177204,210.047908845647,210.616508360997,211.73766356583,2.96233996561625,1.26660467525888
"death_time[245]",881.928585570756,0.658243260971888,3.10173072217703,875.954819773419,879.890340000283,882.070816579188,883.998293362161,888.014912817798,22.2042107265519,1.12028117696342
"death_time[246]",214.152017564847,0.36326083412679,0.785047178560916,212.5163972136,213.662011760336,214.142763840921,214.674563851405,215.768281169976,4.6704030633284,1.2340480171498
"death_time[247]",1416.57692123322,1.06581072878846,5.05474256778106,1406.92061793165,1413.30864109588,1416.75670283129,1420.05839293559,1426.17510661182,22.4925093352023,1.11878898410354
"death_time[248]",318.434935396112,0.635658274726486,1.22663047010119,315.91611705132,317.671856848437,318.483792383878,319.234226369071,320.843067393052,3.72374632403239,1.25937942514505
"death_time[249]",135.827883683372,0.451396045057246,0.621992502486786,134.62419535763,135.390181302794,135.808891088582,136.293271660069,137.038352641723,1.89869322245724,1.43970904760687
"death_time[250]",509.124700595623,0.536878375170185,1.85067044474429,505.486973965529,507.930094802486,509.193075926751,510.397971125076,512.783131956877,11.882459856625,1.15355712213504
"death_time[251]",17.9321654367347,0.383737671326207,0.450961666992084,17.0371926053229,17.6254416183295,17.9611945886712,18.2874353856854,18.6998716406479,1.38105311855084,2.13364476448466
"death_time[252]",571.033958369742,0.57689058198414,2.06617512869249,567.062292292468,569.705948736445,571.150954315864,572.395003427882,574.992703543063,12.8276576583437,1.14715563881215
"death_time[253]",9.21766995340849,0,0,9.21766995340849,9.21766995340849,9.21766995340849,9.21766995340849,9.21766995340849,1.001001001001,0.999333110962839
"death_time[254]",414.57422354203,0.598794979909769,1.58755965456464,411.265251914998,413.645629653103,414.680652908009,415.648979471913,417.567984814653,7.02916609324465,1.20938963552419
"death_time[255]",3405.49973203493,2.49117011016091,12.1148028846019,3382.46352843611,3397.61061307195,3406.02865974744,3413.86725950606,3428.48802460746,23.6497163176727,1.10804398729772
"death_time[256]",191.907549753801,0.671354152677011,0.946829711695268,190.007838978225,191.278965381655,191.992963734386,192.570865599273,193.665615588298,1.98902570728985,1.52428100938967
"death_time[257]",102.762379060383,0.353558300681026,0.522567491769023,101.723788662474,102.396411177358,102.792062801552,103.128788196554,103.721157321583,2.18455358981121,1.35140491100684
"death_time[258]",492.687027816768,0.588534034284236,1.82193872719655,488.846920939145,491.611742029296,492.81733107946,493.884945314329,496.207879933857,9.58350490068359,1.17455943275701
"death_time[259]",57.878456107971,0.279823905946379,0.439636863250304,56.9803980000899,57.5860966420462,57.9042876042868,58.1988698820677,58.6447154292587,2.4684172474572,1.31972804662263
"death_time[260]",238.026145268169,0.212711299060558,0.958002757685098,236.321779795295,237.338992884846,237.95579400685,238.676682191356,240.0083433792,20.2839438027814,1.09391208079272
"death_time[261]",10.1156621051671,0,0,10.1156621051671,10.1156621051671,10.1156621051671,10.1156621051671,10.1156621051671,1.001001001001,0.999333110962839
"death_time[262]",26.5630275961797,0.0901827015168877,0.346800155111451,25.8192774136462,26.3506963908347,26.5770144788641,26.779636009396,27.2589817600567,14.7880899748809,1.20339667626237
"death_time[263]",20.2584259008778,0.154673685109737,0.316371177211497,19.6250505920308,20.0352817484297,20.2597413700521,20.4900141742385,20.8368662115757,4.18370405041435,1.29055103996903
"death_time[264]",3.03044697265715,0,0,3.03044697265715,3.03044697265715,3.03044697265715,3.03044697265715,3.03044697265715,1.001001001001,0.999333110962839
"death_time[265]",24.3518215379399,0.114481603881294,0.288979256036157,23.8004299630295,24.1474845582274,24.3526562575617,24.5579885805258,24.9086250644299,6.37179693774752,1.21003717554284
"death_time[266]",45.6020133312394,0.15046408525654,0.38240096641523,44.8095014654861,45.3468804259413,45.6164691784661,45.8599050011081,46.3252581857206,6.45910380140456,1.15877709272465
"death_time[267]",175.029399345791,0.213438731569787,0.690326781666447,173.575136608936,174.608287783023,175.06649755605,175.486615327855,176.336732458484,10.4607538347003,1.18178034470581
"death_time[268]",7.47484834780669,0,0,7.47484834780669,7.47484834780669,7.47484834780669,7.47484834780669,7.47484834780669,1.001001001001,0.999333110962839
"death_time[269]",56.5784347767307,0.109907400082074,0.364131908644985,55.8108763388935,56.3460209235458,56.5973405728079,56.8284738815438,57.2505419632218,10.976493032287,1.09356456402193
"death_time[270]",4.04160669462143,0,0,4.04160669462143,4.04160669462143,4.04160669462143,4.04160669462143,4.04160669462143,1.001001001001,0.999333110962839
"death_time[271]",26.9040971126157,0.301773810078688,0.410068342684967,26.0168831199704,26.6022823979931,26.9648949471364,27.2182889211101,27.5809785143509,1.84650034759477,1.46467906065826
"death_time[272]",3.15271111124646,0,0,3.15271111124646,3.15271111124646,3.15271111124646,3.15271111124646,3.15271111124646,1.001001001001,0.999333110962839
"death_time[273]",179.400914731881,0.119520659173457,0.640641134921598,178.190378384537,178.95973032556,179.378870563409,179.833688170594,180.622834284481,28.7305329574155,1.09086385204794
"death_time[274]",8.67849283361822,0,0,8.67849283361822,8.67849283361822,8.67849283361822,8.67849283361822,8.67849283361822,1.001001001001,0.999333110962839
"death_time[275]",0.418613419169619,0,0,0.418613419169619,0.418613419169619,0.418613419169619,0.418613419169619,0.418613419169619,1.001001001001,0.999333110962839
"death_time[276]",32.3890678898327,0.246477303323941,0.349494320773133,31.7620621133092,32.1264552162054,32.386569233187,32.6343819518181,33.0951709087847,2.01060324105975,1.42073008995702
"death_time[277]",41.272964689765,0.213818176191608,0.358852917327533,40.5422391678873,41.0286013905807,41.2939876420704,41.5173744440924,41.9529399707151,2.81672028098755,1.33058044324588
"death_time[278]",3.40617955566868,0,0,3.40617955566868,3.40617955566868,3.40617955566868,3.40617955566868,3.40617955566868,1.001001001001,0.999333110962839
"death_time[279]",6.35842062271094,0,0,6.35842062271094,6.35842062271094,6.35842062271094,6.35842062271094,6.35842062271094,1.001001001001,0.999333110962839
"death_time[280]",9.47037650002779,0,0,9.47037650002779,9.47037650002779,9.47037650002779,9.47037650002779,9.47037650002779,1.001001001001,0.999333110962839
"death_time[281]",5.47391913284002,0,0,5.47391913284002,5.47391913284002,5.47391913284002,5.47391913284002,5.47391913284002,1.001001001001,0.999333110962839
"death_time[282]",54.3577153375661,0.142879383135917,0.500274180044812,53.1578399153501,54.1331683318247,54.4627936744009,54.7231137124218,55.0319065955173,12.2596210051776,1.17035233777129
"death_time[283]",191.739153710923,0.111168759466243,0.675033624083741,190.514812282384,191.240420307772,191.730273435962,192.224447822772,193.058920070581,36.8710319815989,1.05144457657539
"death_time[284]",1.64448737557342,0,0,1.64448737557342,1.64448737557342,1.64448737557342,1.64448737557342,1.64448737557342,1.001001001001,0.999333110962839
"death_time[285]",57.1569866182047,0.0539993567857239,0.331868235439172,56.4853651573811,56.9325940687275,57.1624428050806,57.4028515580029,57.7439795276619,37.7706273989758,1.08555147336164
"death_time[286]",23.4123758135067,0.219781618137738,0.406677228520394,22.6988323460852,23.1236435848843,23.3765814426603,23.6762248474382,24.2818379728356,3.42386771856076,1.25857609462844
"death_time[287]",4.71832062632256,0,0,4.71832062632256,4.71832062632256,4.71832062632256,4.71832062632256,4.71832062632256,1.001001001001,0.999333110962839
"death_time[288]",7.50298947030714,0,0,7.50298947030714,7.50298947030714,7.50298947030714,7.50298947030714,7.50298947030714,1.001001001001,0.999333110962839
"death_time[289]",61.1198251164266,0.335108854579243,0.451388207611638,60.3006396019116,60.7826492592158,61.1052500884387,61.4543045235718,61.9844751773714,1.81438151007914,1.43976945991732
"death_time[290]",13.789724048679,0.0955155375049641,0.349170152311814,13.1500893891954,13.5531863990414,13.7612249046859,14.0210617018974,14.5436631864338,13.3636833556807,1.18637634730792
"death_time[291]",426.499023578721,0.255608878699546,1.44092933230533,423.822592892022,425.425400841954,426.477152224777,427.56716746838,429.204560314042,31.7785073230237,1.03795342591623
"death_time[292]",41.5007180132549,0.164687703619385,0.371212621826713,40.8431017996093,41.2282552197652,41.4670498635252,41.762561185292,42.2494347911334,5.0806949627922,1.18824167887219
"death_time[293]",1.25072436884047,0,0,1.25072436884047,1.25072436884047,1.25072436884047,1.25072436884047,1.25072436884047,1.001001001001,0.999333110962839
"death_time[294]",118.581771491516,0.352159556479046,0.568254921198419,117.526401190906,118.164837926678,118.549261388861,118.979244905401,119.698799769636,2.60379899169136,1.29052598763779
"death_time[295]",132.698350608227,0.100734980939359,0.552250191709274,131.558831565826,132.337215645775,132.733325374191,133.08678971261,133.693955118129,30.0546125361196,1.0980801319617
"death_time[296]",301.937179645814,0.175347275062428,1.02027918052049,299.923360891948,301.209523436048,301.943498268438,302.66327100887,303.816104378628,33.8563399585173,1.06284643754804
"death_time[297]",55.5368872336124,0.312751802217508,0.493431729942349,54.722213533818,55.1794777769175,55.5010690770862,55.8311716082834,56.6278296527701,2.4891696922576,1.42701452083938
"death_time[298]",75.038802844384,0.0699555858934853,0.379972977989801,74.3006084064096,74.7781774332947,75.0411241883957,75.2922915377003,75.7949472625388,29.5026229335563,1.18537538431124
"death_time[299]",25.4028329940082,0.101161824595877,0.282016771512831,24.8699788676215,25.2109774053628,25.4093468137177,25.5882197421337,25.9953925575906,7.77170962003369,1.24886380885958
"death_time[300]",77.5153658640133,0.186612378431829,0.533302230025796,76.2705502373064,77.2386162918542,77.56995028868,77.8896024115649,78.3985443553817,8.16706295208397,1.3722856547835
"death_time[301]",391.855845131762,0.415739055986275,1.47520362978692,388.814019746491,390.930237363187,391.952620030358,392.876950820979,394.714400111195,12.5910599999483,1.15799914646149
"death_time[302]",19.0385340836882,0.251557969219003,0.347035247940671,18.4071616021946,18.7617910023822,19.0613909223259,19.3104807115658,19.6215646418582,1.90314121856525,1.52110517046595
"death_time[303]",264.103951285145,0.451060444680883,1.03194237507022,261.984963223264,263.449104876922,264.168971260536,264.786248862123,266.107091271476,5.23409264380593,1.24381284332491
"death_time[304]",62.7982533384753,0.0500052145190665,0.321247332608655,62.1663910643295,62.57500043633,62.7994282622154,63.0295559746415,63.3730733515245,41.2713306287649,1.01641758629642
"death_time[305]",96.8741516491739,0.17751922483779,0.48097453238686,95.9183778076101,96.5501798811961,96.8817018115656,97.2082819290977,97.7712596959956,7.34096877032551,1.14400549147518
"death_time[306]",3.0182074743739,0,0,3.0182074743739,3.0182074743739,3.0182074743739,3.0182074743739,3.0182074743739,1.001001001001,0.999333110962839
"death_time[307]",14.8669150468005,0.395616109032262,0.480338713338723,13.8084370131112,14.5261777024329,14.8982516499987,15.238928769964,15.6678883349808,1.47416890509465,1.90127001624956
"death_time[308]",58.2930101846823,0.306184205280133,0.446956937587636,57.3834758531841,57.9628026018756,58.3553019688528,58.6082393903955,59.0932333132193,2.13091338959112,1.44904442086082
"death_time[309]",405.909872703414,0.291092360567779,1.4559251965313,402.882187793771,404.968862227919,405.98274961146,406.91040696577,408.595913374118,25.0159216634796,1.09688354988604
"death_time[310]",51.7122995550721,0.321312069487968,0.423192815172968,50.8803351494341,51.4250829053068,51.7149480892005,52.0193742150711,52.4822572792999,1.73469246853031,1.54381083014962
"death_time[311]",112.762525814846,0.107566135756573,0.54728905156904,111.72532351307,112.384432865523,112.731384943976,113.124422225298,113.907933155787,25.887039486557,1.07721075949063
"death_time[312]",63.9088964155374,0.0914479950487879,0.344494140161036,63.2349442722927,63.6722167914156,63.9074484805732,64.1478769463975,64.5712438656868,14.1910752014173,1.11662926828416
"death_time[313]",181.58046627996,0.210786043601453,0.687167983414823,180.249486903553,181.093861166891,181.589212778714,182.078107649986,182.875941586617,10.6277695465647,1.11195347492687
"death_time[314]",6.67008760278005,0,0,6.67008760278005,6.67008760278005,6.67008760278005,6.67008760278005,6.67008760278005,1.001001001001,0.999333110962839
"death_time[315]",68.9990572946918,0.070826538971525,0.444549176086143,68.1465384045076,68.712661232957,68.9908406397815,69.2569496697211,69.9489957714916,39.3955873173998,1.04394187075323
"death_time[316]",215.32271716647,0.115944730346054,0.721915338404583,213.979893862403,214.846268857772,215.31867609398,215.822469588855,216.741097332575,38.7677422033349,1.01818540932215
"death_time[317]",13.0390629617616,0.0506762563703866,0.31104021858092,12.4731202437383,12.8156898122258,13.0411173771274,13.239587404471,13.6720997982583,37.6724658402477,1.08922567813328
"death_time[318]",297.160537319768,0.17560000340279,0.994137034523469,295.327142961919,296.452602715819,297.166652622375,297.866811876793,299.058915108623,32.0511388583786,1.06102227738063
"death_time[319]",222.77349157712,0.349515732036614,0.876915538692024,220.9062448948,222.205887530667,222.83475017528,223.364048447494,224.514104270278,6.29480200353838,1.20986681857814
"death_time[320]",51.3844044243849,0.19632286673004,0.369605937111875,50.6619433142805,51.1413766785556,51.4002530043967,51.6342463094289,52.0967621805284,3.54434593745415,1.21173228645366
"death_time[321]",1.23990646228943,0,0,1.23990646228943,1.23990646228943,1.23990646228943,1.23990646228943,1.23990646228943,1.001001001001,0.999333110962839
"death_time[322]",7.22024635391777,NA,0,7.22024635391777,7.22024635391777,7.22024635391777,7.22024635391777,7.22024635391777,NA,0.999333110962839
"death_time[323]",7.50241039054598,0,0,7.50241039054598,7.50241039054598,7.50241039054598,7.50241039054598,7.50241039054598,1.001001001001,0.999333110962839
"death_time[324]",0.83698305792238,0,0,0.83698305792238,0.83698305792238,0.83698305792238,0.83698305792238,0.83698305792238,1.001001001001,0.999333110962839
"death_time[325]",2.16018906917249,0,0,2.16018906917249,2.16018906917249,2.16018906917249,2.16018906917249,2.16018906917249,1.001001001001,0.999333110962839
"death_time[326]",11.5894834062229,0,0,11.5894834062229,11.5894834062229,11.5894834062229,11.5894834062229,11.5894834062229,1.001001001001,0.999333110962839
"death_time[327]",0.165882445970275,0,0,0.165882445970275,0.165882445970275,0.165882445970275,0.165882445970275,0.165882445970275,1.001001001001,0.999333110962839
"death_time[328]",8.38963840010401,0,0,8.38963840010401,8.38963840010401,8.38963840010401,8.38963840010401,8.38963840010401,1.001001001001,0.999333110962839
"death_time[329]",0.986756926667885,0,0,0.986756926667885,0.986756926667885,0.986756926667885,0.986756926667885,0.986756926667885,1.001001001001,0.999333110962839
"death_time[330]",1.39448798475664,0,0,1.39448798475664,1.39448798475664,1.39448798475664,1.39448798475664,1.39448798475664,1.001001001001,0.999333110962839
"death_time[331]",5.48711693013405,0,0,5.48711693013405,5.48711693013405,5.48711693013405,5.48711693013405,5.48711693013405,1.001001001001,0.999333110962839
"death_time[332]",0.741697037857469,0,0,0.741697037857469,0.741697037857469,0.741697037857469,0.741697037857469,0.741697037857469,1.001001001001,0.999333110962839
"death_time[333]",11.3190151263705,0,0,11.3190151263705,11.3190151263705,11.3190151263705,11.3190151263705,11.3190151263705,1.001001001001,0.999333110962839
"death_time[334]",7.4155296088377,0,0,7.4155296088377,7.4155296088377,7.4155296088377,7.4155296088377,7.4155296088377,1.001001001001,0.999333110962839
"death_time[335]",3.42588778289645,0,0,3.42588778289645,3.42588778289645,3.42588778289645,3.42588778289645,3.42588778289645,1.001001001001,0.999333110962839
"death_time[336]",0.14535619463621,0,0,0.14535619463621,0.14535619463621,0.14535619463621,0.14535619463621,0.14535619463621,1.001001001001,0.999333110962839
"death_time[337]",3.15027233904575,0,0,3.15027233904575,3.15027233904575,3.15027233904575,3.15027233904575,3.15027233904575,1.001001001001,0.999333110962839
"death_time[338]",34.4482650603973,0.061909237722993,0.315590318994311,33.7930244138983,34.2483640348593,34.4535218957026,34.6579389577634,35.0497011006315,25.9858203363436,1.06699899885236
"death_time[339]",0.951704524255668,0,0,0.951704524255668,0.951704524255668,0.951704524255668,0.951704524255668,0.951704524255668,1.001001001001,0.999333110962839
"death_time[340]",1.04723092828347,0,0,1.04723092828347,1.04723092828347,1.04723092828347,1.04723092828347,1.04723092828347,1.001001001001,0.999333110962839
"death_time[341]",0.702528633753919,0,0,0.702528633753919,0.702528633753919,0.702528633753919,0.702528633753919,0.702528633753919,1.001001001001,0.999333110962839
"death_time[342]",3.68146994302728,0,0,3.68146994302728,3.68146994302728,3.68146994302728,3.68146994302728,3.68146994302728,1.001001001001,0.999333110962839
"death_time[343]",4.22196337202704,0,0,4.22196337202704,4.22196337202704,4.22196337202704,4.22196337202704,4.22196337202704,1.001001001001,0.999333110962839
"death_time[344]",17.1249309306795,0.104705661859742,0.314449681888245,16.5418829922902,16.9159124271728,17.1197275480916,17.3250707231581,17.7432911326318,9.01907475624827,1.1574071063224
"death_time[345]",2.93986058370314,0,0,2.93986058370314,2.93986058370314,2.93986058370314,2.93986058370314,2.93986058370314,1.001001001001,0.999333110962839
"death_time[346]",4.77798303630499,0,0,4.77798303630499,4.77798303630499,4.77798303630499,4.77798303630499,4.77798303630499,1.001001001001,0.999333110962839
"death_time[347]",4.26240487271867,0,0,4.26240487271867,4.26240487271867,4.26240487271867,4.26240487271867,4.26240487271867,1.001001001001,0.999333110962839
"death_time[348]",1.06713226214034,0,0,1.06713226214034,1.06713226214034,1.06713226214034,1.06713226214034,1.06713226214034,1.001001001001,0.999333110962839
"death_time[349]",7.86076963904162,0,0,7.86076963904162,7.86076963904162,7.86076963904162,7.86076963904162,7.86076963904162,1.001001001001,0.999333110962839
"death_time[350]",6.3185657665912,0,0,6.3185657665912,6.3185657665912,6.3185657665912,6.3185657665912,6.3185657665912,1.001001001001,0.999333110962839
"death_time[351]",1.06171119098275,0,0,1.06171119098275,1.06171119098275,1.06171119098275,1.06171119098275,1.06171119098275,1.001001001001,0.999333110962839
"death_time[352]",1.39321784138188,0,0,1.39321784138188,1.39321784138188,1.39321784138188,1.39321784138188,1.39321784138188,1.001001001001,0.999333110962839
"death_time[353]",0.0511222969050292,0,0,0.0511222969050292,0.0511222969050292,0.0511222969050292,0.0511222969050292,0.0511222969050292,1.001001001001,0.999333110962839
"death_time[354]",46.735218432316,0.0294439846526554,0.29106292048658,46.1861954737584,46.5405492919388,46.7194029796066,46.9287585561948,47.3438413138723,97.7193568578749,1.01791266812544
"death_time[355]",23.9518668131021,0.249453590764867,0.479530680618837,23.1799161100428,23.5851114996342,23.8702734148107,24.2905307643758,24.9014514319073,3.6953304272286,1.68087168391732
"death_time[356]",0.551949745572827,0,0,0.551949745572827,0.551949745572827,0.551949745572827,0.551949745572827,0.551949745572827,1.001001001001,NA
"death_time[357]",1.74490031662403,0,0,1.74490031662403,1.74490031662403,1.74490031662403,1.74490031662403,1.74490031662403,1.001001001001,0.999333110962839
"death_time[358]",2.85496192903162,0,0,2.85496192903162,2.85496192903162,2.85496192903162,2.85496192903162,2.85496192903162,1.001001001001,NA
"death_time[359]",0.578742970022102,0,0,0.578742970022102,0.578742970022102,0.578742970022102,0.578742970022102,0.578742970022102,1.001001001001,0.999333110962839
"death_time[360]",8.84592804604383,0,0,8.84592804604383,8.84592804604383,8.84592804604383,8.84592804604383,8.84592804604383,1.001001001001,0.999333110962839
"death_time[361]",1.52598021933637,0,0,1.52598021933637,1.52598021933637,1.52598021933637,1.52598021933637,1.52598021933637,1.001001001001,0.999333110962839
"death_time[362]",1.00028674671806,0,0,1.00028674671806,1.00028674671806,1.00028674671806,1.00028674671806,1.00028674671806,1.001001001001,0.999333110962839
"death_time[363]",14.9251986351125,0.152450094723246,0.330537577972418,14.3527764789739,14.6859915050286,14.9066120228164,15.1301641102782,15.7287886573735,4.7009570556578,1.19988551878843
"death_time[364]",8.49284163801589,0,0,8.49284163801589,8.49284163801589,8.49284163801589,8.49284163801589,8.49284163801589,1.001001001001,0.999333110962839
"death_time[365]",6.95468807287923,0,0,6.95468807287923,6.95468807287923,6.95468807287923,6.95468807287923,6.95468807287923,1.001001001001,0.999333110962839
"death_time[366]",1.94698450045783,0,0,1.94698450045783,1.94698450045783,1.94698450045783,1.94698450045783,1.94698450045783,1.001001001001,0.999333110962839
"death_time[367]",1.64107411579362,0,0,1.64107411579362,1.64107411579362,1.64107411579362,1.64107411579362,1.64107411579362,1.001001001001,0.999333110962839
"death_time[368]",1.05793954784997,0,0,1.05793954784997,1.05793954784997,1.05793954784997,1.05793954784997,1.05793954784997,1.001001001001,0.999333110962839
"death_time[369]",1.56052736430105,0,0,1.56052736430105,1.56052736430105,1.56052736430105,1.56052736430105,1.56052736430105,1.001001001001,0.999333110962839
"death_time[370]",5.80582037461293,0,0,5.80582037461293,5.80582037461293,5.80582037461293,5.80582037461293,5.80582037461293,1.001001001001,0.999333110962839
"death_time[371]",11.3100441313743,0,0,11.3100441313743,11.3100441313743,11.3100441313743,11.3100441313743,11.3100441313743,1.001001001001,0.999333110962839
"death_time[372]",13.4031841145734,0.167317400810298,0.311873156075441,12.8370325091984,13.1953792027136,13.3634355002777,13.6108869129171,14.0404174900556,3.47435164208324,1.30321964972336
"death_time[373]",16.4762870988065,0.0705186330192984,0.298146769541981,15.8988417789189,16.2841850912248,16.4572631777099,16.6904819646077,17.0469649547579,17.8752632351726,1.19561333117766
"death_time[374]",3.06956434927575,0,0,3.06956434927575,3.06956434927575,3.06956434927575,3.06956434927575,3.06956434927575,1.001001001001,0.999333110962839
"death_time[375]",1.77884157576499,0,0,1.77884157576499,1.77884157576499,1.77884157576499,1.77884157576499,1.77884157576499,1.001001001001,0.999333110962839
"death_time[376]",5.95377164032748,0,0,5.95377164032748,5.95377164032748,5.95377164032748,5.95377164032748,5.95377164032748,1.001001001001,0.999333110962839
"death_time[377]",0.231577521194633,0,0,0.231577521194633,0.231577521194633,0.231577521194633,0.231577521194633,0.231577521194633,1.001001001001,0.999333110962839
"death_time[378]",54.2132401988318,0.0719992723734883,0.397373272453001,53.3710651442335,53.9771055250554,54.2188685652645,54.4781766274832,54.9467955699293,30.4607849673298,1.05217272795837
"death_time[379]",1.34577450904179,0,0,1.34577450904179,1.34577450904179,1.34577450904179,1.34577450904179,1.34577450904179,1.001001001001,0.999333110962839
"death_time[380]",0.106420059305569,0,0,0.106420059305569,0.106420059305569,0.106420059305569,0.106420059305569,0.106420059305569,1.001001001001,0.999333110962839
"death_time[381]",2.2920918235314,0,0,2.2920918235314,2.2920918235314,2.2920918235314,2.2920918235314,2.2920918235314,1.001001001001,0.999333110962839
"death_time[382]",12.3563059513199,0.0521909040662695,0.201385595144254,12.0913873417944,12.2105079439871,12.3089498262587,12.4570512405097,12.8960449016804,14.8890560832582,1.12767725268574
"death_time[383]",4.41076285244217,0,0,4.41076285244217,4.41076285244217,4.41076285244217,4.41076285244217,4.41076285244217,1.001001001001,0.999333110962839
"death_time[384]",11.3651399204629,0,0,11.3651399204629,11.3651399204629,11.3651399204629,11.3651399204629,11.3651399204629,1.001001001001,0.999333110962839
"death_time[385]",31.6476298930188,0.0496519673747461,0.305251479876703,31.0510407412581,31.450908488821,31.6369666083553,31.8505560179303,32.2607127195168,37.7957209172303,1.06557887723119
"death_time[386]",1.75907925517916,0,0,1.75907925517916,1.75907925517916,1.75907925517916,1.75907925517916,1.75907925517916,1.001001001001,0.999333110962839
"death_time[387]",0.169391369374386,0,0,0.169391369374386,0.169391369374386,0.169391369374386,0.169391369374386,0.169391369374386,1.001001001001,0.999333110962839
"death_time[388]",9.62275853130314,0,0,9.62275853130314,9.62275853130314,9.62275853130314,9.62275853130314,9.62275853130314,1.001001001001,0.999333110962839
"death_time[389]",4.85885488779295,0,0,4.85885488779295,4.85885488779295,4.85885488779295,4.85885488779295,4.85885488779295,1.001001001001,0.999333110962839
"death_time[390]",97.6681206575841,0.0551641399597895,0.424154041275133,96.8479178365572,97.3823505011639,97.6840320180565,97.9532764772771,98.4847841826927,59.1198760916982,1.03632431172615
"death_time[391]",15.6881150902629,0.0667519953500539,0.311355239190917,15.1030532857843,15.46561579578,15.6688940979607,15.9149294749691,16.2866239691788,21.7562405362651,1.01038230979512
"death_time[392]",17.5202991097672,0.05515734614864,0.264308484076675,17.0510389338217,17.3350739766768,17.4914290514613,17.7063227421316,18.0349159838093,22.9623051003813,1.02088917563217
"death_time[393]",7.26670077815874,0,0,7.26670077815874,7.26670077815874,7.26670077815874,7.26670077815874,7.26670077815874,1.001001001001,0.999333110962839
"death_time[394]",38.3891614601962,0.0894520864389473,0.363327599931616,37.5924741223767,38.1536391493356,38.4012701807712,38.6498541637012,39.0195335119013,16.4974123789609,1.09909688418546
"death_time[395]",12.4529944472373,0.0755228824048872,0.254999108081164,12.082614231466,12.2421392013101,12.3913685625113,12.6408341060053,13.0538008121567,11.4004031381385,1.20522625170809
"death_time[396]",8.66517406471384,0,0,8.66517406471384,8.66517406471384,8.66517406471384,8.66517406471384,8.66517406471384,1.001001001001,0.999333110962839
"death_time[397]",8.67133885252186,0,0,8.67133885252186,8.67133885252186,8.67133885252186,8.67133885252186,8.67133885252186,1.001001001001,0.999333110962839
"death_time[398]",11.1433807655731,0,0,11.1433807655731,11.1433807655731,11.1433807655731,11.1433807655731,11.1433807655731,1.001001001001,0.999333110962839
"death_time[399]",3.74121942812869,0,0,3.74121942812869,3.74121942812869,3.74121942812869,3.74121942812869,3.74121942812869,1.001001001001,0.999333110962839
"death_time[400]",72.5649335100156,0.0659926172560361,0.389647502866088,71.8195425190624,72.2940461846358,72.5519193572665,72.816462658586,73.4122639852145,34.8620634629293,1.00760773535091
"death_time[401]",139.831096458105,0.0915744753490728,0.51804391208561,138.913139984092,139.450734339365,139.797094432274,140.202527528025,140.858421502125,32.0025268311553,1.06107322803508
"death_time[402]",126.544985801782,0.323671693141161,0.589741980208743,125.352438450748,126.166319492402,126.565558015979,126.956675705361,127.636557604719,3.3198208497488,1.24412030266656
"death_time[403]",72.8181038594823,0.129134205268276,0.381299506214069,72.0644990463427,72.5620886842704,72.8330814576663,73.0687310560745,73.5531649640237,8.71866312431288,1.13705054818124
"death_time[404]",175.472346596958,0.148271187698257,0.721953930031133,174.081748373803,174.958378800905,175.468362228466,175.974768857941,176.929553361179,23.7085742005106,1.07908472347467
"death_time[405]",46.7830389389641,0.285254547941491,0.424098717222986,45.9253740177508,46.4665928331375,46.8297584841403,47.093479824485,47.5235415173348,2.21038926694037,1.3382135120934
"death_time[406]",215.688704514869,0.45354811832471,0.931480694545063,213.753514710746,215.136461502645,215.777036353376,216.303888857358,217.436858009839,4.217945633634,1.35305636287659
"death_time[407]",289.655408291572,0.20715112780342,1.06450978113512,287.620847127416,288.93527528225,289.694465476137,290.375054083498,291.713890298568,26.4073431147187,1.03296997828348
"death_time[408]",27.2626704484366,0.158516664449833,0.331535328852625,26.6226959508259,27.0311245154027,27.272204042343,27.4879543360331,27.9128606299743,4.37431222072369,1.25500309610133
"death_time[409]",793.554673588202,0.721759517566889,2.86905530290148,787.879320099901,791.704823600578,793.730766463439,795.498665042218,799.202222829467,15.8012993364473,1.15424739097813
"death_time[410]",1.77286696782273,0,0,1.77286696782273,1.77286696782273,1.77286696782273,1.77286696782273,1.77286696782273,1.001001001001,0.999333110962839
"death_time[411]",2.75312995229407,0,0,2.75312995229407,2.75312995229407,2.75312995229407,2.75312995229407,2.75312995229407,1.001001001001,0.999333110962839
"death_time[412]",31.9513128309342,0.228237881048288,0.365223023303947,31.3358794680202,31.6520781467928,31.9402954644628,32.2367520204431,32.6494158044196,2.56059469307431,1.34190393502233
"death_time[413]",86.6992109942185,0.0687486012152266,0.396178780068022,85.9547065134121,86.4114103221774,86.7046515558273,86.9605404234542,87.4919432656589,33.2089151213745,1.09415620902325
"death_time[414]",38.5053490201427,0.237640812041389,0.426920901177856,37.5891829555638,38.22806311678,38.5319381238248,38.80998456774,39.2593211836366,3.22739988751992,1.41353471239961
"death_time[415]",12.6472615416452,0.0852545673416895,0.318288886519757,12.1430063814481,12.4267538253441,12.6129622040873,12.8237249715025,13.4033967295795,13.938230438133,1.09485775334138
"death_time[416]",10.8938490130178,0,0,10.8938490130178,10.8938490130178,10.8938490130178,10.8938490130178,10.8938490130178,1.001001001001,0.999333110962839
"death_time[417]",204.823471033442,0.434934518881655,0.820608285835124,203.296332262508,204.229808107761,204.866184155372,205.38997337826,206.444714967746,3.55978723486061,1.26282792042566
"death_time[418]",112.307643766284,0.52166538374212,0.672436226495674,110.914804519622,111.810843525239,112.348068341999,112.808602375937,113.531329820513,1.66156817959088,1.79926143953934
"death_time[419]",49.0431742987491,0.271451521546638,0.419699187846375,48.2563389665987,48.7155781232972,49.0454312051948,49.3305857541645,49.8599717770451,2.39051623213809,1.32711074406333
"death_time[420]",67.5995741329162,0.194043095029084,0.382231406936619,66.8443809745163,67.3318666789138,67.5950336812336,67.8590531746468,68.3549594619181,3.88022001761619,1.1906405114675
"death_time[421]",20.5001096531819,0.0800319735264988,0.291292108711781,19.8673600148312,20.3145762745878,20.4977605680548,20.6966187442247,21.0477622348254,13.2473919563784,1.18495175647146
"death_time[422]",29.533723271886,0.0341197205225807,0.297508933109666,28.9441675477683,29.33808736875,29.5359104003728,29.7265565280693,30.1320597949456,76.0307178176399,1.03346732804393
"death_time[423]",10.0928248518336,0,0,10.0928248518336,10.0928248518336,10.0928248518336,10.0928248518336,10.0928248518336,1.001001001001,0.999333110962839
"death_time[424]",0.242040088024685,0,0,0.242040088024685,0.242040088024685,0.242040088024685,0.242040088024685,0.242040088024685,1.001001001001,0.999333110962839
"death_time[425]",5.24222133877946,0,0,5.24222133877946,5.24222133877946,5.24222133877946,5.24222133877946,5.24222133877946,1.001001001001,0.999333110962839
"death_time[426]",6.65570942076788,0,0,6.65570942076788,6.65570942076788,6.65570942076788,6.65570942076788,6.65570942076788,1.001001001001,0.999333110962839
"death_time[427]",60.9624006868169,0.0445279681801236,0.364083147946102,60.2287259902309,60.7392112730736,60.9575542108642,61.2081627929302,61.6672346748978,66.8552316210823,1.01119040617877
"death_time[428]",13.4879699239622,0.165542382101154,0.362946021282458,12.9579430423989,13.2062460241232,13.4305126445619,13.6821777270189,14.3035919418791,4.80690655104284,1.56044275062939
"death_time[429]",32.1883655275948,0.11233171541195,0.385751439820653,31.5544412586216,31.9252091301136,32.1563318172056,32.3834733879663,33.1105031806472,11.7926206839155,1.27564711343961
"death_time[430]",4.28095350089257,0,0,4.28095350089257,4.28095350089257,4.28095350089257,4.28095350089257,4.28095350089257,1.001001001001,0.999333110962839
"death_time[431]",16.8062036389163,0.0241161441965599,0.217248116986485,16.3890370637637,16.6600965954741,16.8135394762878,16.9445636825448,17.2372395201914,81.1514525545397,1.01647617382136
"death_time[432]",0.135942024909527,0,0,0.135942024909527,0.135942024909527,0.135942024909527,0.135942024909527,0.135942024909527,1.001001001001,0.999333110962839
"death_time[433]",7.07037809981003,0,0,7.07037809981003,7.07037809981003,7.07037809981003,7.07037809981003,7.07037809981003,1.001001001001,0.999333110962839
"death_time[434]",5.13457406449099,0,0,5.13457406449099,5.13457406449099,5.13457406449099,5.13457406449099,5.13457406449099,1.001001001001,0.999333110962839
"death_time[435]",6.19012072502051,0,0,6.19012072502051,6.19012072502051,6.19012072502051,6.19012072502051,6.19012072502051,1.001001001001,0.999333110962839
"death_time[436]",5.4732330579372,0,0,5.4732330579372,5.4732330579372,5.4732330579372,5.4732330579372,5.4732330579372,1.001001001001,0.999333110962839
"death_time[437]",0.70413850625858,0,0,0.70413850625858,0.70413850625858,0.70413850625858,0.70413850625858,0.70413850625858,1.001001001001,0.999333110962839
"death_time[438]",6.61575319851196,0,0,6.61575319851196,6.61575319851196,6.61575319851196,6.61575319851196,6.61575319851196,1.001001001001,0.999333110962839
"death_time[439]",2.62460225027384,0,0,2.62460225027384,2.62460225027384,2.62460225027384,2.62460225027384,2.62460225027384,1.001001001001,0.999333110962839
"death_time[440]",48.2639155135423,0.042287545306902,0.318122949448895,47.6248359301266,48.0604406214352,48.2667784727961,48.4695102130582,48.8901509641836,56.5933038725415,1.02255663488204
"death_time[441]",1.59481413051301,0,0,1.59481413051301,1.59481413051301,1.59481413051301,1.59481413051301,1.59481413051301,1.001001001001,0.999333110962839
"death_time[442]",3.24423506764763,0,0,3.24423506764763,3.24423506764763,3.24423506764763,3.24423506764763,3.24423506764763,1.001001001001,0.999333110962839
"death_time[443]",0.544938217368646,0,0,0.544938217368646,0.544938217368646,0.544938217368646,0.544938217368646,0.544938217368646,1.001001001001,0.999333110962839
"death_time[444]",1.63260017434738,0,0,1.63260017434738,1.63260017434738,1.63260017434738,1.63260017434738,1.63260017434738,1.001001001001,0.999333110962839
"death_time[445]",0.375568029122795,0,0,0.375568029122795,0.375568029122795,0.375568029122795,0.375568029122795,0.375568029122795,1.001001001001,0.999333110962839
"death_time[446]",0.712520510356207,0,0,0.712520510356207,0.712520510356207,0.712520510356207,0.712520510356207,0.712520510356207,1.001001001001,0.999333110962839
"death_time[447]",0.13304374651595,0,0,0.13304374651595,0.13304374651595,0.13304374651595,0.13304374651595,0.13304374651595,1.001001001001,0.999333110962839
"death_time[448]",0.0771325196677315,0,0,0.0771325196677315,0.0771325196677315,0.0771325196677315,0.0771325196677315,0.0771325196677315,1.001001001001,0.999333110962839
"death_time[449]",4.46608296086341,0,0,4.46608296086341,4.46608296086341,4.46608296086341,4.46608296086341,4.46608296086341,1.001001001001,0.999333110962839
"death_time[450]",0.864846770014138,0,0,0.864846770014138,0.864846770014138,0.864846770014138,0.864846770014138,0.864846770014138,1.001001001001,0.999333110962839
"death_time[451]",1.29893615826716,0,0,1.29893615826716,1.29893615826716,1.29893615826716,1.29893615826716,1.29893615826716,1.001001001001,0.999333110962839
"death_time[452]",0.120184611419127,0,0,0.120184611419127,0.120184611419127,0.120184611419127,0.120184611419127,0.120184611419127,1.001001001001,0.999333110962839
"death_time[453]",0.82688503308646,0,0,0.82688503308646,0.82688503308646,0.82688503308646,0.82688503308646,0.82688503308646,1.001001001001,0.999333110962839
"death_time[454]",21.3867254555539,0.186152024965636,0.35582489001127,20.5949174555787,21.1466664059074,21.4094657371132,21.6305509805186,22.0444503977826,3.65373560956617,1.32361018100754
"death_time[455]",1.23827009127098,0,0,1.23827009127098,1.23827009127098,1.23827009127098,1.23827009127098,1.23827009127098,1.001001001001,0.999333110962839
"death_time[456]",1.24652231078039,0,0,1.24652231078039,1.24652231078039,1.24652231078039,1.24652231078039,1.24652231078039,1.001001001001,0.999333110962839
"death_time[457]",0.483760135779109,0,0,0.483760135779109,0.483760135779109,0.483760135779109,0.483760135779109,0.483760135779109,1.001001001001,0.999333110962839
"death_time[458]",0.0486871523004704,0,0,0.0486871523004704,0.0486871523004704,0.0486871523004704,0.0486871523004704,0.0486871523004704,1.001001001001,0.999333110962839
"death_time[459]",1.45686393831562,0,0,1.45686393831562,1.45686393831562,1.45686393831562,1.45686393831562,1.45686393831562,1.001001001001,0.999333110962839
"death_time[460]",2.82544802022289,0,0,2.82544802022289,2.82544802022289,2.82544802022289,2.82544802022289,2.82544802022289,1.001001001001,0.999333110962839
"death_time[461]",3.21120947758488,0,0,3.21120947758488,3.21120947758488,3.21120947758488,3.21120947758488,3.21120947758488,1.001001001001,0.999333110962839
"death_time[462]",7.26226199971362,0,0,7.26226199971362,7.26226199971362,7.26226199971362,7.26226199971362,7.26226199971362,1.001001001001,0.999333110962839
"death_time[463]",2.98676718255091,0,0,2.98676718255091,2.98676718255091,2.98676718255091,2.98676718255091,2.98676718255091,1.001001001001,0.999333110962839
"death_time[464]",25.9752505270819,0.0361825435359368,0.255830657618006,25.5191732410921,25.7947223826996,25.9695848210509,26.1439801457589,26.4747675844489,49.9927454704921,1.05180614451893
"death_time[465]",11.198860598607,0,0,11.198860598607,11.198860598607,11.198860598607,11.198860598607,11.198860598607,1.001001001001,0.999333110962839
"death_time[466]",16.0974862000123,0.0915554275853474,0.344698508259303,15.3528750141265,15.8836081657971,16.1364452797498,16.3464526032329,16.68389679734,14.1745936431014,1.18562453478276
"death_time[467]",7.86795075966518,0,0,7.86795075966518,7.86795075966518,7.86795075966518,7.86795075966518,7.86795075966518,1.001001001001,0.999333110962839
"death_time[468]",6.38151634172899,0,0,6.38151634172899,6.38151634172899,6.38151634172899,6.38151634172899,6.38151634172899,1.001001001001,NA
"death_time[469]",8.3918475634065,0,0,8.3918475634065,8.3918475634065,8.3918475634065,8.3918475634065,8.3918475634065,1.001001001001,0.999333110962839
"death_time[470]",1.76332945310363,0,0,1.76332945310363,1.76332945310363,1.76332945310363,1.76332945310363,1.76332945310363,1.001001001001,0.999333110962839
"death_time[471]",95.2513421182331,0.0546837478311882,0.428735448184863,94.3867992098093,94.9745141546122,95.2598703960111,95.5442567538119,96.0497095788793,61.4698625131501,1.0268249439568
"death_time[472]",0.667103516720391,0,0,0.667103516720391,0.667103516720391,0.667103516720391,0.667103516720391,0.667103516720391,1.001001001001,0.999333110962839
"death_time[473]",81.4977470842399,0.120677076783587,0.49801004323967,80.4378359984791,81.1853745104839,81.5189743029913,81.8291696861966,82.4075096886967,17.0304702221035,1.19697325629546
"death_time[474]",45.192928713697,0.156201135529892,0.416867664977649,44.4398498996893,44.9126079172097,45.1545713970571,45.4571041072264,46.1014475395966,7.12242764242467,1.15558910202687
"death_time[475]",43.3761089962591,0.072290921775671,0.38130264165832,42.6319551751956,43.1241765734953,43.3690247898156,43.6340709615199,44.1656139741167,27.820959451053,1.19605592353194
"death_time[476]",228.509973264725,0.150366301188912,0.827344841575321,226.935254084013,227.922047537938,228.49813966663,229.090776707593,230.066756058567,30.2741594054946,1.06484792608245
"death_time[477]",23.5307177472075,0.133910694001272,0.406922520444142,22.4660972247909,23.3535186596222,23.5825982843923,23.780594934196,24.2311611782932,9.23406505800759,1.36551157882708
"death_time[478]",1.33205486732429,0,0,1.33205486732429,1.33205486732429,1.33205486732429,1.33205486732429,1.33205486732429,1.001001001001,0.999333110962839
"death_time[479]",1.19833937575729,0,0,1.19833937575729,1.19833937575729,1.19833937575729,1.19833937575729,1.19833937575729,1.001001001001,0.999333110962839
"death_time[480]",5.45150306505646,0,0,5.45150306505646,5.45150306505646,5.45150306505646,5.45150306505646,5.45150306505646,1.001001001001,0.999333110962839
"death_time[481]",0.666321449184714,0,0,0.666321449184714,0.666321449184714,0.666321449184714,0.666321449184714,0.666321449184714,1.001001001001,0.999333110962839
"death_time[482]",3.89452863361687,0,0,3.89452863361687,3.89452863361687,3.89452863361687,3.89452863361687,3.89452863361687,1.001001001001,0.999333110962839
"death_time[483]",6.93092440847841,0,0,6.93092440847841,6.93092440847841,6.93092440847841,6.93092440847841,6.93092440847841,1.001001001001,0.999333110962839
"death_time[484]",13.1790793426871,0.06860952017458,0.276379911676749,12.6766829102398,12.974969013339,13.1717163113958,13.3774089709337,13.7114677722481,16.2272222097314,1.29104217859916
"death_time[485]",1.44405971379211,0,0,1.44405971379211,1.44405971379211,1.44405971379211,1.44405971379211,1.44405971379211,1.001001001001,0.999333110962839
"death_time[486]",7.37635975242956,0,0,7.37635975242956,7.37635975242956,7.37635975242956,7.37635975242956,7.37635975242956,1.001001001001,0.999333110962839
"death_time[487]",2.83443973839924,0,0,2.83443973839924,2.83443973839924,2.83443973839924,2.83443973839924,2.83443973839924,1.001001001001,0.999333110962839
"death_time[488]",0.190155310097532,0,0,0.190155310097532,0.190155310097532,0.190155310097532,0.190155310097532,0.190155310097532,1.001001001001,0.999333110962839
"death_time[489]",0.231512710645842,0,0,0.231512710645842,0.231512710645842,0.231512710645842,0.231512710645842,0.231512710645842,1.001001001001,0.999333110962839
"death_time[490]",1.2905676529769,0,0,1.2905676529769,1.2905676529769,1.2905676529769,1.2905676529769,1.2905676529769,1.001001001001,0.999333110962839
"death_time[491]",14.1364678691774,0.0553198613392709,0.281639203844374,13.6172238678425,13.9423789247621,14.1320223126866,14.3395345163418,14.7062141159225,25.9193466571333,1.12809047089023
"death_time[492]",0.395433114472025,0,0,0.395433114472025,0.395433114472025,0.395433114472025,0.395433114472025,0.395433114472025,1.001001001001,0.999333110962839
"death_time[493]",0.728207989933289,0,0,0.728207989933289,0.728207989933289,0.728207989933289,0.728207989933289,0.728207989933289,1.001001001001,0.999333110962839
"death_time[494]",6.25769969718417,0,0,6.25769969718417,6.25769969718417,6.25769969718417,6.25769969718417,6.25769969718417,1.001001001001,0.999333110962839
"death_time[495]",14.0430967244458,0.0778009580136036,0.316735723003737,13.4712095878597,13.7902667848617,14.0442195999627,14.2679486339618,14.6407623589694,16.5738806236752,1.1845044648621
"death_time[496]",6.36969648327526,0,0,6.36969648327526,6.36969648327526,6.36969648327526,6.36969648327526,6.36969648327526,1.001001001001,0.999333110962839
"death_time[497]",15.6651688471444,0.309491728333055,0.439412319933616,14.755984873116,15.3828125960975,15.6689479407932,15.9503905742645,16.4847180740393,2.01579501012063,1.46754218079679
"death_time[498]",1.1072407210012,0,0,1.1072407210012,1.1072407210012,1.1072407210012,1.1072407210012,1.1072407210012,1.001001001001,0.999333110962839
"death_time[499]",0.938923530544284,0,0,0.938923530544284,0.938923530544284,0.938923530544284,0.938923530544284,0.938923530544284,1.001001001001,0.999333110962839
"death_time[500]",11.8288007893561,0,0,11.8288007893561,11.8288007893561,11.8288007893561,11.8288007893561,11.8288007893561,1.001001001001,0.999333110962839
"death_time[501]",6.33315681764503,0,0,6.33315681764503,6.33315681764503,6.33315681764503,6.33315681764503,6.33315681764503,1.001001001001,0.999333110962839
"death_time[502]",41.3859576545223,0.0369345501834299,0.306804323363562,40.7893881984518,41.186751527212,41.3911840311329,41.5930194645924,41.98556832182,69.0013077812427,1.00452364290647
"death_time[503]",16.8027222048111,0.0624286625072524,0.311352790394404,16.2283176180764,16.5844423132756,16.8244152023754,17.0018983292528,17.4309703866152,24.8735322707278,1.08983579291846
"death_time[504]",8.69835974254626,0,0,8.69835974254626,8.69835974254626,8.69835974254626,8.69835974254626,8.69835974254626,1.001001001001,0.999333110962839
"death_time[505]",11.6044745664,0,0,11.6044745664,11.6044745664,11.6044745664,11.6044745664,11.6044745664,1.001001001001,0.999333110962839
"death_time[506]",13.1387177123936,0.0314801818243389,0.233641845656162,12.7218512375723,12.9640941016565,13.114776777422,13.2991748380867,13.6367582852637,55.0841677729188,1.01916742584605
"death_time[507]",203.607797048702,0.185633302056454,0.731220798221813,202.139343843155,203.135240412599,203.644750599532,204.107028929594,205.028929576375,15.5161972240151,1.11496107706212
"death_time[508]",139.543597102818,0.145524072079483,0.630104182289416,138.019228887775,139.223766349285,139.630123283903,139.980687547206,140.55407134545,18.7480044104427,1.11262430475231
"death_time[509]",2.31322753572712,0,0,2.31322753572712,2.31322753572712,2.31322753572712,2.31322753572712,2.31322753572712,1.001001001001,0.999333110962839
"death_time[510]",17.8085457237142,0.140568069004495,0.313759356062985,17.1732148761825,17.5959936209466,17.8627930548854,18.035789722739,18.3362679958524,4.9821868618775,1.18426650314529
"death_time[511]",60.4380709937991,0.095371723659663,0.420716077741194,59.6292888034902,60.1665586439351,60.4495173612033,60.7217900165317,61.208993066092,19.4598260792368,1.03784877984262
"death_time[512]",12.3035461957592,0.153286844906478,0.219845759542675,12.0255941353965,12.1015865313745,12.2904338909365,12.4336258090378,12.8277544565308,2.05696269744949,1.63627706102217
"death_time[513]",11.6495678533319,0,0,11.6495678533319,11.6495678533319,11.6495678533319,11.6495678533319,11.6495678533319,1.001001001001,0.999333110962839
"death_time[514]",33.5698037275721,0.0425666407109028,0.295140734556454,32.9700724063948,33.3859527098986,33.5746201761261,33.7548918039947,34.190494025957,48.0750287039255,1.02598182915784
"death_time[515]",2.11315604183987,0,0,2.11315604183987,2.11315604183987,2.11315604183987,2.11315604183987,2.11315604183987,1.001001001001,0.999333110962839
"death_time[516]",94.5081830458421,0.158912747220101,0.444775906502587,93.593709036083,94.221617269248,94.5194100091921,94.8198576692387,95.3346578270419,7.83366572780354,1.12767772212877
"death_time[517]",190.18778889572,0.112108300131121,0.63822035795575,189.035857429377,189.7251362679,190.163440243074,190.614044005867,191.474777692993,32.4090104884723,1.05334436721869
"death_time[518]",264.427067107765,0.166006166770672,0.909577198818909,262.493434136048,263.87637042779,264.437826658601,265.01103385367,266.159577332678,30.0213824450552,1.07129372986752
"death_time[519]",5.6506215407906,0,0,5.6506215407906,5.6506215407906,5.6506215407906,5.6506215407906,5.6506215407906,1.001001001001,0.999333110962839
"death_time[520]",4.77228663182218,0,0,4.77228663182218,4.77228663182218,4.77228663182218,4.77228663182218,4.77228663182218,1.001001001001,0.999333110962839
"death_time[521]",23.74939177114,0.0702736237764753,0.329690058673201,23.0704144022604,23.5596850001039,23.7635140391999,23.9744388342287,24.324120860994,22.0103528675939,1.12379749572318
"death_time[522]",15.5913044095888,0.0701045801482198,0.301420250853084,14.9536345635454,15.370509057768,15.6337609303109,15.8131184538618,16.1194825799703,18.4863881934992,1.09220431401077
"death_time[523]",16.9379086487166,0.102513068121414,0.367856821698648,15.9391192866039,16.7699131689176,16.9918960949001,17.192789426355,17.481467161386,12.8765395144764,1.01869907205845
"death_time[524]",106.609331027719,0.128812821841958,0.522850487422739,105.418909229511,106.299483916401,106.644722807686,106.966398954927,107.547737869241,16.4754333283101,1.15437846797208
"death_time[525]",17.8818951208778,0.129489820934537,0.342538378180277,17.1441199771527,17.7122246199657,17.9271324782255,18.1249805007339,18.4364246099987,6.99756938859028,1.37253318426635
"death_time[526]",7.79998639757274,0,0,7.79998639757274,7.79998639757274,7.79998639757274,7.79998639757274,7.79998639757274,1.001001001001,0.999333110962839
"death_time[527]",155.386059521423,0.0968560347044332,0.5866979666715,154.207201733383,154.984083194583,155.407914145167,155.801946548348,156.46290967136,36.6923726959812,1.01536928352219
"death_time[528]",1.79474566494218,0,0,1.79474566494218,1.79474566494218,1.79474566494218,1.79474566494218,1.79474566494218,1.001001001001,0.999333110962839
"death_time[529]",0.327389201215171,0,0,0.327389201215171,0.327389201215171,0.327389201215171,0.327389201215171,0.327389201215171,1.001001001001,0.999333110962839
"death_time[530]",85.0591988650081,0.0665002269090155,0.42231423323307,84.2648801789418,84.7670079731178,85.0454101447,85.3374064332275,85.9222739685133,40.3297177868002,1.01205664135264
"death_time[531]",0.371925354492984,0,0,0.371925354492984,0.371925354492984,0.371925354492984,0.371925354492984,0.371925354492984,1.001001001001,0.999333110962839
"death_time[532]",3.24313271894905,0,0,3.24313271894905,3.24313271894905,3.24313271894905,3.24313271894905,3.24313271894905,1.001001001001,0.999333110962839
"death_time[533]",35.0274098397242,0.116342040237705,0.445201939245894,34.0191525003678,34.7694711173365,35.0845911716752,35.3424300137962,35.7546135428325,14.6433601437357,1.35170756170887
"death_time[534]",12.0885423225237,0.0107246856393982,0.0715134197596828,12.0064011866539,12.038637387983,12.067245769342,12.1200962637002,12.2734405165126,44.4637359879987,1.0334905427283
"death_time[535]",0.954637952153925,0,0,0.954637952153925,0.954637952153925,0.954637952153925,0.954637952153925,0.954637952153925,1.001001001001,0.999333110962839
"death_time[536]",1.37603316954508,0,0,1.37603316954508,1.37603316954508,1.37603316954508,1.37603316954508,1.37603316954508,1.001001001001,0.999333110962839
"death_time[537]",14.5431311656353,0.115197236893153,0.281807707970481,14.0124287502573,14.3520109893254,14.505505118107,14.7328292760158,15.1296979041347,5.98441373262868,1.40778857952728
"death_time[538]",9.7292441797799,0,0,9.7292441797799,9.7292441797799,9.7292441797799,9.7292441797799,9.7292441797799,1.001001001001,0.999333110962839
"death_time[539]",0.945535795495859,0,0,0.945535795495859,0.945535795495859,0.945535795495859,0.945535795495859,0.945535795495859,1.001001001001,0.999333110962839
"death_time[540]",59.2875104832127,0.0445422341439715,0.364597216475193,58.5372590839252,59.0647992900948,59.2904059002569,59.5304493017421,59.9822165251324,67.0012190214579,1.01876499474563
"death_time[541]",35.6961166176407,0.11317916706513,0.379220440545082,34.913544620465,35.4474716993035,35.7381367713624,35.9701942552793,36.3427907655369,11.2266579247105,1.10682691318042
"death_time[542]",8.62507667275549,0,0,8.62507667275549,8.62507667275549,8.62507667275549,8.62507667275549,8.62507667275549,1.001001001001,0.999333110962839
"death_time[543]",47.2396045212321,0.113418387661619,0.384233889187382,46.4243217783419,47.0049845496939,47.2652652903754,47.5185558433958,47.9069498444846,11.4768946509333,1.19504088961029
"death_time[544]",0.00895820705412754,0,0,0.00895820705412754,0.00895820705412754,0.00895820705412754,0.00895820705412754,0.00895820705412754,1.001001001001,0.999333110962839
"death_time[545]",16.6065914063877,0.0546969164154694,0.262765827496541,16.0478346184,16.4392217704456,16.6264859159632,16.7879673117831,17.0805074967945,23.0787393955957,1.02556985527965
"death_time[546]",26.0961714504673,0.118877305679245,0.37225274010505,25.4655092521119,25.8034029832829,26.0768610122577,26.3529783567015,26.874620900553,9.80568414092971,1.26360633658273
"death_time[547]",132.62281387257,0.320572019208347,0.640810096671696,131.146170971933,132.268786314099,132.669804565513,133.056966032408,133.761701417052,3.99583426178548,1.31086241535535
"death_time[548]",41.6175138860821,0.060616242938914,0.329328708066972,41.0213843284011,41.3899343939644,41.5987609637266,41.8311588943425,42.3196398496383,29.5176073432215,1.071654645797
"death_time[549]",19.0090912436496,0.103706253209195,0.355175834560534,18.2998353479243,18.774868149212,19.042424832424,19.251376727398,19.6302047226321,11.7294306341083,1.21845708560304
"death_time[550]",0.366080243024206,0,0,0.366080243024206,0.366080243024206,0.366080243024206,0.366080243024206,0.366080243024206,1.001001001001,0.999333110962839
"death_time[551]",7.0753078794153,0,0,7.0753078794153,7.0753078794153,7.0753078794153,7.0753078794153,7.0753078794153,1.001001001001,0.999333110962839
"death_time[552]",10.1334926361902,0,0,10.1334926361902,10.1334926361902,10.1334926361902,10.1334926361902,10.1334926361902,1.001001001001,0.999333110962839
"death_time[553]",9.10400268819925,0,0,9.10400268819925,9.10400268819925,9.10400268819925,9.10400268819925,9.10400268819925,1.001001001001,0.999333110962839
"death_time[554]",15.8917107879473,0.0836874262502477,0.300417555258389,15.3536746596054,15.6877174686162,15.8751267422585,16.09478986255,16.5104043855717,12.886357984068,1.13373994673038
"death_time[555]",27.2351240337505,0.134546773273938,0.4665149974877,25.9949646341751,27.0334691246695,27.2732124773738,27.5389906825335,28.0061881375019,12.0222193108216,1.10706214957262
"death_time[556]",20.2285302646355,0.0739268330888287,0.321016845769718,19.5861790196858,20.0358357827735,20.2278433407207,20.4094034645435,20.9077811009334,18.8560813048358,1.04584286315757
"death_time[557]",4.77634697709758,0,0,4.77634697709758,4.77634697709758,4.77634697709758,4.77634697709758,4.77634697709758,1.001001001001,0.999333110962839
"death_time[558]",241.400231787929,0.179531005571305,0.88506991146698,239.584055410468,240.886790634488,241.444429845805,241.971755355162,243.063276608904,24.3039143999854,1.09364018477165
"death_time[559]",2.07666375542699,0,0,2.07666375542699,2.07666375542699,2.07666375542699,2.07666375542699,2.07666375542699,1.001001001001,0.999333110962839
"death_time[560]",1.3976631922263,0,0,1.3976631922263,1.3976631922263,1.3976631922263,1.3976631922263,1.3976631922263,1.001001001001,0.999333110962839
"death_time[561]",0.350653901265049,0,0,0.350653901265049,0.350653901265049,0.350653901265049,0.350653901265049,0.350653901265049,1.001001001001,0.999333110962839
"death_time[562]",196.385118447349,0.118773536431845,0.689092359129923,195.103449813796,195.914846823765,196.355403718191,196.835503387749,197.778000696419,33.6601071013093,1.05751079762846
"death_time[563]",459.835547179888,0.485247461160517,1.65585902064743,456.520946774097,458.713290284178,459.90522204982,460.964380783393,463.115007985149,11.6444819762919,1.17456947652167
"death_time[564]",11.0025181190268,0,0,11.0025181190268,11.0025181190268,11.0025181190268,11.0025181190268,11.0025181190268,1.001001001001,0.999333110962839
"death_time[565]",96.766493188836,0.200165898041399,0.49500411283212,95.7468720718801,96.4489967339256,96.7963615790784,97.1190726860899,97.639216430003,6.11557696276918,1.3487381549737
"death_time[566]",29.9328585090079,0.153656787352785,0.309704169360403,29.3145525141799,29.7388040136831,29.921607739661,30.1306648270852,30.5564092516931,4.06247411320403,1.23122098763236
"death_time[567]",152.094868566939,0.146186758235673,0.641999065681897,150.747647790913,151.70343865606,152.132850020357,152.522066082822,153.31173223903,19.2864688888747,1.07396493730298
"death_time[568]",13.6923942417502,0.049588261165387,0.271363260160844,13.1788002562721,13.4902697702126,13.6926623403388,13.8898158390608,14.206492559475,29.9463803861047,1.05599192010687
"death_time[569]",130.116320499833,0.387503160252294,0.606833666889628,128.91323968694,129.711352434928,130.142784957096,130.545923086402,131.221458757719,2.45238605035271,1.36518820936174
"death_time[570]",101.641792811837,0.113921890780049,0.432433998169299,100.761880680974,101.356634597142,101.640149585034,101.942092406944,102.498261678047,14.4087163961813,1.0950093285212
"death_time[571]",130.201518442646,0.590335767303352,0.821672702523127,128.474855517371,129.65897815566,130.329596461389,130.788558568624,131.608980117137,1.93731180186032,1.74856855128896
"death_time[572]",104.398900373136,0.117756478038775,0.52280960436481,103.377553525119,104.024551278755,104.408255427372,104.811410648507,105.310231013003,19.7114012508931,1.00934876994447
"death_time[573]",25.4446488370418,0.122103656535049,0.458643305907746,24.5293147842781,25.1624542099416,25.5040774061694,25.7572942304344,26.2880869989644,14.1088877804278,1.10596707734857
"death_time[574]",32.5230398232025,0.0732640054711255,0.309854515822882,31.9068890727774,32.3103919931957,32.5266438056476,32.7465706030904,33.092894604873,17.8868696731953,1.2444459913998
"death_time[575]",24.5882601191535,0.28818032463165,0.436857942154099,23.5621418355769,24.3061774384311,24.6200928395324,24.9032433245859,25.3267216333989,2.29800949525612,1.37173467209766
"death_time[576]",6.51759029864749,0,0,6.51759029864749,6.51759029864749,6.51759029864749,6.51759029864749,6.51759029864749,1.001001001001,0.999333110962839
"death_time[577]",5.10623636790539,0,0,5.10623636790539,5.10623636790539,5.10623636790539,5.10623636790539,5.10623636790539,1.001001001001,0.999333110962839
"death_time[578]",78.3077242811721,0.0900494310555692,0.383877257052429,77.4748887354694,78.0769963798656,78.3216335087905,78.5547739399563,79.0232144090763,18.1728406904201,1.07817846915745
"death_time[579]",0.63303601023584,0,0,0.63303601023584,0.63303601023584,0.63303601023584,0.63303601023584,0.63303601023584,1.001001001001,0.999333110962839
"death_time[580]",31.6691650343908,0.0396361678214206,0.320154356744796,31.0269731427846,31.456879621391,31.6770891446212,31.8912180267346,32.2853170744442,65.2432392713546,1.04574601870396
"death_time[581]",4.90918010613366,0,0,4.90918010613366,4.90918010613366,4.90918010613366,4.90918010613366,4.90918010613366,1.001001001001,0.999333110962839
"death_time[582]",6.70865490377154,0,0,6.70865490377154,6.70865490377154,6.70865490377154,6.70865490377154,6.70865490377154,1.001001001001,0.999333110962839
"death_time[583]",23.7564037786476,0.134396928591969,0.409467649239171,23.1230414522076,23.4743770603835,23.6888171153696,23.9530218762936,24.7783064713181,9.28240477895706,1.2764238335142
"death_time[584]",0.177377746618521,0,0,0.177377746618521,0.177377746618521,0.177377746618521,0.177377746618521,0.177377746618521,1.001001001001,0.999333110962839
"death_time[585]",6.73527759526818,0,0,6.73527759526818,6.73527759526818,6.73527759526818,6.73527759526818,6.73527759526818,1.001001001001,0.999333110962839
"death_time[586]",31.4924154587481,0.111109194711091,0.358212426977828,30.7978137693804,31.2511989102075,31.4880884727213,31.7338669693905,32.186821567076,10.3939661090004,1.08066587202396
"death_time[587]",5.09396597411871,0,0,5.09396597411871,5.09396597411871,5.09396597411871,5.09396597411871,5.09396597411871,1.001001001001,0.999333110962839
"death_time[588]",1.29057986137051,0,0,1.29057986137051,1.29057986137051,1.29057986137051,1.29057986137051,1.29057986137051,1.001001001001,0.999333110962839
"death_time[589]",7.83501190266159,0,0,7.83501190266159,7.83501190266159,7.83501190266159,7.83501190266159,7.83501190266159,1.001001001001,0.999333110962839
"death_time[590]",19.7950321595536,0.146323838294167,0.29296314819464,19.2283526270743,19.5974581969832,19.7993547350304,19.9895977867841,20.3774969700668,4.00862857748363,1.17390931687591
"death_time[591]",6.70543397896497,0,0,6.70543397896497,6.70543397896497,6.70543397896497,6.70543397896497,6.70543397896497,1.001001001001,0.999333110962839
"death_time[592]",0.101436281657693,0,0,0.101436281657693,0.101436281657693,0.101436281657693,0.101436281657693,0.101436281657693,1.001001001001,0.999333110962839
"death_time[593]",1.03555308908627,0,0,1.03555308908627,1.03555308908627,1.03555308908627,1.03555308908627,1.03555308908627,1.001001001001,0.999333110962839
"death_time[594]",7.84870426560533,0,0,7.84870426560533,7.84870426560533,7.84870426560533,7.84870426560533,7.84870426560533,1.001001001001,0.999333110962839
"death_time[595]",0.673134864521786,0,0,0.673134864521786,0.673134864521786,0.673134864521786,0.673134864521786,0.673134864521786,1.001001001001,0.999333110962839
"death_time[596]",1.26663752185076,0,0,1.26663752185076,1.26663752185076,1.26663752185076,1.26663752185076,1.26663752185076,1.001001001001,0.999333110962839
"death_time[597]",2.00835472873988,0,0,2.00835472873988,2.00835472873988,2.00835472873988,2.00835472873988,2.00835472873988,1.001001001001,0.999333110962839
"death_time[598]",1.75410946006585,0,0,1.75410946006585,1.75410946006585,1.75410946006585,1.75410946006585,1.75410946006585,1.001001001001,0.999333110962839
"death_time[599]",9.47181630892589,0,0,9.47181630892589,9.47181630892589,9.47181630892589,9.47181630892589,9.47181630892589,1.001001001001,0.999333110962839
"death_time[600]",10.0628290146343,0,0,10.0628290146343,10.0628290146343,10.0628290146343,10.0628290146343,10.0628290146343,1.001001001001,0.999333110962839
"death_time[601]",4.00273661298887,0,0,4.00273661298887,4.00273661298887,4.00273661298887,4.00273661298887,4.00273661298887,1.001001001001,0.999333110962839
"death_time[602]",34.7576856010454,0.186730156424596,0.342531061644233,34.0557655415073,34.5410010616773,34.7684979707719,34.9865852556016,35.4087979710594,3.36489098948488,1.26892149005606
"death_time[603]",0.0721167521271469,0,0,0.0721167521271469,0.0721167521271469,0.0721167521271469,0.0721167521271469,0.0721167521271469,1.001001001001,0.999333110962839
"death_time[604]",3.73224423332937,0,0,3.73224423332937,3.73224423332937,3.73224423332937,3.73224423332937,3.73224423332937,1.001001001001,0.999333110962839
"death_time[605]",0.865411339947021,0,0,0.865411339947021,0.865411339947021,0.865411339947021,0.865411339947021,0.865411339947021,1.001001001001,0.999333110962839
"death_time[606]",153.590433984603,0.235285236023734,0.674421121632253,152.111677902908,153.177357659823,153.639341228592,154.064883655433,154.785112999747,8.21623729130196,1.18773833096891
"death_time[607]",0.490407983986272,0,0,0.490407983986272,0.490407983986272,0.490407983986272,0.490407983986272,0.490407983986272,1.001001001001,0.999333110962839
"death_time[608]",0.565619952530335,0,0,0.565619952530335,0.565619952530335,0.565619952530335,0.565619952530335,0.565619952530335,1.001001001001,0.999333110962839
"death_time[609]",10.2081720199565,0,0,10.2081720199565,10.2081720199565,10.2081720199565,10.2081720199565,10.2081720199565,1.001001001001,0.999333110962839
"death_time[610]",4.62975609236432,0,0,4.62975609236432,4.62975609236432,4.62975609236432,4.62975609236432,4.62975609236432,1.001001001001,0.999333110962839
"death_time[611]",1.2649273946024,0,0,1.2649273946024,1.2649273946024,1.2649273946024,1.2649273946024,1.2649273946024,1.001001001001,0.999333110962839
"death_time[612]",1.9220553236198,0,0,1.9220553236198,1.9220553236198,1.9220553236198,1.9220553236198,1.9220553236198,1.001001001001,0.999333110962839
"death_time[613]",0.347980382188058,0,0,0.347980382188058,0.347980382188058,0.347980382188058,0.347980382188058,0.347980382188058,1.001001001001,0.999333110962839
"death_time[614]",4.98218575357185,0,0,4.98218575357185,4.98218575357185,4.98218575357185,4.98218575357185,4.98218575357185,1.001001001001,0.999333110962839
"death_time[615]",43.3975701794113,0.313538356109256,0.480359910031854,42.3876346777486,43.078826623731,43.4736153711944,43.7481304830791,44.1892771490046,2.34721112890451,1.5530576451033
"death_time[616]",1.06160290269335,0,0,1.06160290269335,1.06160290269335,1.06160290269335,1.06160290269335,1.06160290269335,1.001001001001,0.999333110962839
"death_time[617]",33.5272326846882,0.187763992125432,0.386904340977541,32.612775036087,33.3094099889756,33.5598327111969,33.7973009976143,34.1683557333383,4.24602536337968,1.24958476110161
"death_time[618]",1.08042629057301,0,0,1.08042629057301,1.08042629057301,1.08042629057301,1.08042629057301,1.08042629057301,1.001001001001,0.999333110962839
"death_time[619]",6.51271964627515,0,0,6.51271964627515,6.51271964627515,6.51271964627515,6.51271964627515,6.51271964627515,1.001001001001,0.999333110962839
"death_time[620]",0.29904482620347,0,0,0.29904482620347,0.29904482620347,0.29904482620347,0.29904482620347,0.29904482620347,1.001001001001,0.999333110962839
"death_time[621]",7.25405734410958,0,0,7.25405734410958,7.25405734410958,7.25405734410958,7.25405734410958,7.25405734410958,1.001001001001,0.999333110962839
"death_time[622]",783.398645729521,0.593513744155666,2.83350041103005,777.655791856181,781.640616703453,783.592148797846,785.303843604947,788.704287304887,22.7921344954815,1.1260014514232
"death_time[623]",7.70713916676576,0,0,7.70713916676576,7.70713916676576,7.70713916676576,7.70713916676576,7.70713916676576,1.001001001001,0.999333110962839
"death_time[624]",1.53429264467325,0,0,1.53429264467325,1.53429264467325,1.53429264467325,1.53429264467325,1.53429264467325,1.001001001001,0.999333110962839
"death_time[625]",75.7695248835849,0.192220898852123,0.453359255156561,74.857752608544,75.4535267135327,75.8067304144401,76.1150191070872,76.5618201120393,5.56267599612236,1.44799654519216
"death_time[626]",59.5319164920884,0.0830069772015989,0.35114711068805,58.8383406150206,59.3024796642475,59.5257737597454,59.774618745641,60.2027740099039,17.8957127858999,1.09707037068903
"death_time[627]",207.078970413777,0.285330972989687,0.864488160595111,205.098027332182,206.619410737387,207.162607447204,207.652320726801,208.631032407633,9.17952618500123,1.21264419973599
"death_time[628]",21.7760317182208,0.0941680065221442,0.330474176461537,21.0539733927496,21.6006309157581,21.8119141099544,22.0024296373219,22.3521496434753,12.3159609848501,1.07847510608612
"death_time[629]",7.54985682317109,0,0,7.54985682317109,7.54985682317109,7.54985682317109,7.54985682317109,7.54985682317109,1.001001001001,0.999333110962839
"death_time[630]",0.584162358147156,0,0,0.584162358147156,0.584162358147156,0.584162358147156,0.584162358147156,0.584162358147156,1.001001001001,0.999333110962839
"death_time[631]",11.5949059688736,0,0,11.5949059688736,11.5949059688736,11.5949059688736,11.5949059688736,11.5949059688736,1.001001001001,0.999333110962839
"death_time[632]",0.425577269872972,0,0,0.425577269872972,0.425577269872972,0.425577269872972,0.425577269872972,0.425577269872972,1.001001001001,0.999333110962839
"death_time[633]",21.1084414304946,0.12042171742253,0.337592958712715,20.4713552728258,20.8704780141349,21.0959378360556,21.3525878853248,21.7574980538881,7.85917802088439,1.13302345199571
"death_time[634]",22.85057101381,0.126137649829982,0.355114631945869,22.2755380175743,22.6068952276418,22.7920663607162,23.0524692775455,23.6435562806444,7.92588312782767,1.30203312464663
"death_time[635]",25.026716313828,0.163865403072784,0.2848791427399,24.4592494694004,24.8223033083115,25.0550780845603,25.2333188865387,25.5091636152998,3.02236399134777,1.25914305213533
"death_time[636]",7.72602506349941,0,0,7.72602506349941,7.72602506349941,7.72602506349941,7.72602506349941,7.72602506349941,1.001001001001,0.999333110962839
"death_time[637]",14.6391385135251,0.0664192601390189,0.260816021190314,14.138038404171,14.44270497825,14.6600600697236,14.834157280458,15.123762397496,15.4198611677496,1.16558223045554
"death_time[638]",95.4955970860442,0.135866004086318,0.513670318183722,94.3365565910154,95.2063366467097,95.5451385747187,95.8517204487981,96.3722062540907,14.2937880210812,1.17749359110123
"death_time[639]",35.0078942018304,0.135057793576392,0.398731200017223,34.1579416149621,34.7332846511874,35.0441096703886,35.2850679608157,35.8035899917262,8.71607861446951,1.42448903669743
"death_time[640]",102.540679066555,0.0769999054198574,0.455993675410596,101.572290349859,102.227781463186,102.562774997189,102.860431331308,103.390950913274,35.07012022642,1.0856541938981
"death_time[641]",290.076246262354,0.189319912692956,1.03128399751049,287.950928047025,289.399336138474,290.147664701508,290.776180490113,291.998024635288,29.6731714984932,1.03241157692685
"death_time[642]",76.7939832865427,0.0448384750872808,0.344847705035304,76.1935833640948,76.5353463023585,76.7807971740206,77.0388117339724,77.4787511678434,59.1497633908209,1.00702536507095
"death_time[643]",326.004044817473,0.232700265728457,1.1734403162813,323.675397726702,325.259658174435,326.046407087094,326.8637728462,328.154555094331,25.4289397160144,1.08177019426477
"death_time[644]",7.28996660503424,0,0,7.28996660503424,7.28996660503424,7.28996660503424,7.28996660503424,7.28996660503424,1.001001001001,0.999333110962839
"death_time[645]",13.1710809749123,0.142832600896329,0.392034889058677,12.4915558660132,12.8982111899198,13.1592600156066,13.416871718253,14.0334665985933,7.5334645392687,1.37818585569479
"death_time[646]",35.5354825796476,0.0798683692340023,0.344467103433634,34.8366423606875,35.32529165018,35.5780219969663,35.7568447146469,36.2217395352242,18.6014102983541,1.00768676571222
"death_time[647]",19.6414287463575,0.0597030291687462,0.316578213037518,18.9971236813954,19.4232661137084,19.6600932865793,19.8688872269115,20.2112649925335,28.1170215315576,1.06906033110313
"death_time[648]",428.630493808968,0.258721573762073,1.43782646560829,425.875560081411,427.609092073702,428.641843781282,429.633192681446,431.427739974614,30.8850037145448,1.06957789523988
"death_time[649]",79.0167530622016,0.0838471360777418,0.392412688776311,78.3135454268966,78.726919180244,79.0081550254819,79.2923352638318,79.7674129557886,21.903303325653,1.06566151142413
"death_time[650]",109.737826121248,0.0850813015853825,0.43307005877036,108.867465195322,109.471792070443,109.730139874902,110.033564393149,110.592074671199,25.9088458692957,1.10289618299208
"death_time[651]",58.3803118571976,0.0644890393369849,0.368307530457288,57.6793894249965,58.1258525113074,58.3861445674105,58.6284004191616,59.0780459847911,32.6174031974248,1.01025250047146
"death_time[652]",7.9270520585321,0,0,7.9270520585321,7.9270520585321,7.9270520585321,7.9270520585321,7.9270520585321,1.001001001001,0.999333110962839
"death_time[653]",13.8358259807061,0.05123918611315,0.280446850381838,13.2804025054726,13.6410207674373,13.8435040573094,14.0365857509357,14.3592344990441,29.9568874911905,1.07853002567281
"death_time[654]",1.52604807946855,0,0,1.52604807946855,1.52604807946855,1.52604807946855,1.52604807946855,1.52604807946855,1.001001001001,0.999333110962839
"death_time[655]",382.835888653364,0.322737486769404,1.51201421305088,379.502651446125,381.970586725541,382.989904955993,383.862846102501,385.451230311775,21.9489081808488,1.09766341060044
"death_time[656]",24.903892794074,0.185568292329952,0.435280679573991,23.9845206866596,24.6235532136366,24.9698200572971,25.2151755781412,25.6180045743196,5.50213496727102,1.63657387052476
"death_time[657]",1.1089176664083,0,0,1.1089176664083,1.1089176664083,1.1089176664083,1.1089176664083,1.1089176664083,1.001001001001,0.999333110962839
"death_time[658]",3.64706626874335,0,0,3.64706626874335,3.64706626874335,3.64706626874335,3.64706626874335,3.64706626874335,1.001001001001,0.999333110962839
"death_time[659]",25.2158776622843,0.112783091236239,0.280931521537514,24.6863229698367,25.0168958499865,25.212750844404,25.4029028581157,25.7820292786745,6.20458809190578,1.14281138568571
"death_time[660]",46.3656948149532,0.153391751809994,0.312327060852801,45.7936556363604,46.1469825430414,46.3298886949087,46.5892906083776,46.9902415888637,4.14586555064628,1.19227031623993
"death_time[661]",9.30394646416437,0,0,9.30394646416437,9.30394646416437,9.30394646416437,9.30394646416437,9.30394646416437,1.001001001001,0.999333110962839
"death_time[662]",0.0047392105324078,0,0,0.0047392105324078,0.0047392105324078,0.0047392105324078,0.0047392105324078,0.0047392105324078,1.001001001001,0.999333110962839
"death_time[663]",1.75996200856143,0,0,1.75996200856143,1.75996200856143,1.75996200856143,1.75996200856143,1.75996200856143,1.001001001001,0.999333110962839
"death_time[664]",0.744533994351627,0,0,0.744533994351627,0.744533994351627,0.744533994351627,0.744533994351627,0.744533994351627,1.001001001001,0.999333110962839
"death_time[665]",0.209536264586834,0,0,0.209536264586834,0.209536264586834,0.209536264586834,0.209536264586834,0.209536264586834,1.001001001001,0.999333110962839
"death_time[666]",1.48873308498654,0,0,1.48873308498654,1.48873308498654,1.48873308498654,1.48873308498654,1.48873308498654,1.001001001001,0.999333110962839
"death_time[667]",1.18161940289726,0,0,1.18161940289726,1.18161940289726,1.18161940289726,1.18161940289726,1.18161940289726,1.001001001001,0.999333110962839
"death_time[668]",12.3229893242823,0.0857329887440616,0.264263005061343,12.0174914660782,12.1075683585763,12.2459897946917,12.4937221534917,12.9328908047857,9.5011639135329,1.43511479919017
"death_time[669]",1.24397127284006,0,0,1.24397127284006,1.24397127284006,1.24397127284006,1.24397127284006,1.24397127284006,1.001001001001,0.999333110962839
"death_time[670]",3.93687624559085,0,0,3.93687624559085,3.93687624559085,3.93687624559085,3.93687624559085,3.93687624559085,1.001001001001,0.999333110962839
"death_time[671]",0.832767789167443,0,0,0.832767789167443,0.832767789167443,0.832767789167443,0.832767789167443,0.832767789167443,1.001001001001,0.999333110962839
"death_time[672]",9.90107477456385,0,0,9.90107477456385,9.90107477456385,9.90107477456385,9.90107477456385,9.90107477456385,1.001001001001,0.999333110962839
"death_time[673]",1.28050184349496,NA,0,1.28050184349496,1.28050184349496,1.28050184349496,1.28050184349496,1.28050184349496,NA,NA
"death_time[674]",2.90515366267303,0,0,2.90515366267303,2.90515366267303,2.90515366267303,2.90515366267303,2.90515366267303,1.001001001001,0.999333110962839
"death_time[675]",24.5707698134382,0.0806116125759809,0.346098113339644,23.8683500261729,24.3421798774493,24.5767777674733,24.8120436377761,25.2079451013038,18.4333065584433,1.0573821925128
"death_time[676]",1.92521937809338,0,0,1.92521937809338,1.92521937809338,1.92521937809338,1.92521937809338,1.92521937809338,1.001001001001,0.999333110962839
"death_time[677]",0.0387471384783327,0,0,0.0387471384783327,0.0387471384783327,0.0387471384783327,0.0387471384783327,0.0387471384783327,1.001001001001,0.999333110962839
"death_time[678]",2.70459851284729,0,0,2.70459851284729,2.70459851284729,2.70459851284729,2.70459851284729,2.70459851284729,1.001001001001,0.999333110962839
"death_time[679]",0.719224864883746,0,0,0.719224864883746,0.719224864883746,0.719224864883746,0.719224864883746,0.719224864883746,1.001001001001,0.999333110962839
"death_time[680]",2.39129582386432,0,0,2.39129582386432,2.39129582386432,2.39129582386432,2.39129582386432,2.39129582386432,1.001001001001,0.999333110962839
"death_time[681]",9.52306249290535,0,0,9.52306249290535,9.52306249290535,9.52306249290535,9.52306249290535,9.52306249290535,1.001001001001,0.999333110962839
"death_time[682]",62.0639375775814,0.095824156567225,0.323027447821958,61.4521144373068,61.8345520918814,62.0683940596892,62.2835436424833,62.6945406191523,11.3639376338205,1.10277033705298
"death_time[683]",15.803363528358,0.103608514062442,0.313828659196713,15.1825478653203,15.5895409950505,15.8061473000186,16.0099700297614,16.456209207794,9.17475154690689,1.12110127568344
"death_time[684]",9.82099987487266,0,0,9.82099987487266,9.82099987487266,9.82099987487266,9.82099987487266,9.82099987487266,1.001001001001,0.999333110962839
"death_time[685]",80.509366145063,0.125759836271547,0.382703042019601,79.8057146620778,80.236573855218,80.5066201324358,80.7689599923974,81.2920461801813,9.26061655390178,1.11590131977592
"death_time[686]",15.0696855906087,0.227231528590788,0.402477218509278,14.4929024991515,14.7787202952729,14.9705414847242,15.3218574450744,15.9761924942922,3.13722325725666,1.82194828189198
"death_time[687]",46.4111407468995,0.062883817209309,0.344466561562178,45.8109537660065,46.1854014103241,46.3796722636948,46.6002430013846,47.2036529282268,30.006569441077,1.03331985896159
"death_time[688]",5.26744179962275,0,0,5.26744179962275,5.26744179962275,5.26744179962275,5.26744179962275,5.26744179962275,1.001001001001,0.999333110962839
"death_time[689]",212.378944556909,0.162623709871766,0.825721107857106,210.610458053035,211.867063071175,212.419200594327,212.949218404065,213.905112568763,25.7809576044997,1.10131490165114
"death_time[690]",76.2687891521579,0.161523575639478,0.426789256753116,75.1922522566449,76.0754081254015,76.3078984150817,76.548581211485,77.0084455128829,6.9816024834666,1.24788596879171
"death_time[691]",199.751952822512,0.138509206482401,0.734677444759438,198.26434281436,199.234420817744,199.781089266753,200.263161282715,201.109196838392,28.1343011107666,1.06445858991016
"death_time[692]",3.93109712220141,0,0,3.93109712220141,3.93109712220141,3.93109712220141,3.93109712220141,3.93109712220141,1.001001001001,0.999333110962839
"death_time[693]",72.4118177108651,0.193729815209665,0.475493477611552,71.4573865026538,72.0966889958209,72.4572545645315,72.7581427528488,73.2316421545675,6.02415586089537,1.17159813390078
"death_time[694]",238.544364122063,0.246412906723036,1.04386490347933,236.1942166785,237.964757259303,238.628047176523,239.277601777375,240.382222702263,17.9457531137359,1.09586893219457
"death_time[695]",181.930338497264,0.099890315906936,0.613907629943213,180.829467895509,181.48392851194,181.909433321641,182.349216446698,183.121628662868,37.7710700807019,1.04887678548487
"death_time[696]",10.3165187651193,0,0,10.3165187651193,10.3165187651193,10.3165187651193,10.3165187651193,10.3165187651193,1.001001001001,0.999333110962839
"death_time[697]",130.363359620964,0.120357132226739,0.572677631706204,129.041314632709,130.040965453523,130.41415178546,130.763512934553,131.369058242516,22.6400185426759,1.1363841084977
"death_time[698]",59.5177973067224,0.270516111516625,0.44711111371627,58.6006239570669,59.203211179149,59.5481519003471,59.8430713376278,60.3089922124626,2.73177331306719,1.47128499431452
"death_time[699]",9.43064973223792,0,0,9.43064973223792,9.43064973223792,9.43064973223792,9.43064973223792,9.43064973223792,1.001001001001,0.999333110962839
"death_time[700]",2895.41150321159,2.06586433107143,10.2339677896981,2875.83105217192,2888.67471270828,2895.87694886551,2902.57266643923,2914.80582564863,24.5405615921861,1.0995752669957
"death_time[701]",3.23853116174169,0,0,3.23853116174169,3.23853116174169,3.23853116174169,3.23853116174169,3.23853116174169,1.001001001001,0.999333110962839
"death_time[702]",10.6086697985541,0,0,10.6086697985541,10.6086697985541,10.6086697985541,10.6086697985541,10.6086697985541,1.001001001001,0.999333110962839
"death_time[703]",1.02817295256747,0,0,1.02817295256747,1.02817295256747,1.02817295256747,1.02817295256747,1.02817295256747,1.001001001001,0.999333110962839
"death_time[704]",81.6917144560968,0.0422556441061656,0.356232966262058,80.9897452691211,81.4434479863022,81.6960435722517,81.9310685339024,82.3753295261082,71.0720368707151,1.02089689823301
"death_time[705]",2.41079316813635,0,0,2.41079316813635,2.41079316813635,2.41079316813635,2.41079316813635,2.41079316813635,1.001001001001,0.999333110962839
"death_time[706]",2.78039549860865,0,0,2.78039549860865,2.78039549860865,2.78039549860865,2.78039549860865,2.78039549860865,1.001001001001,0.999333110962839
"death_time[707]",5.57202400907374,0,0,5.57202400907374,5.57202400907374,5.57202400907374,5.57202400907374,5.57202400907374,1.001001001001,NA
"death_time[708]",0.803071149215672,0,0,0.803071149215672,0.803071149215672,0.803071149215672,0.803071149215672,0.803071149215672,1.001001001001,0.999333110962839
"death_time[709]",1.73153600888847,0,0,1.73153600888847,1.73153600888847,1.73153600888847,1.73153600888847,1.73153600888847,1.001001001001,0.999333110962839
"death_time[710]",14.0418262327525,0.132675208057438,0.339148274730029,13.505568819917,13.8142194480807,14.011818121707,14.2130920521828,14.9316411627248,6.53430902450385,1.22190165181816
"death_time[711]",2.22484656385562,0,0,2.22484656385562,2.22484656385562,2.22484656385562,2.22484656385562,2.22484656385562,1.001001001001,0.999333110962839
"death_time[712]",3.04368027004967,0,0,3.04368027004967,3.04368027004967,3.04368027004967,3.04368027004967,3.04368027004967,1.001001001001,0.999333110962839
"death_time[713]",36.7712686510197,0.0623451084058957,0.321313823174706,36.150087498012,36.5647066448588,36.7669127676357,36.9580466859634,37.4681573841241,26.5615888816031,1.09585830492867
"death_time[714]",8.70020904435664,0,0,8.70020904435664,8.70020904435664,8.70020904435664,8.70020904435664,8.70020904435664,1.001001001001,0.999333110962839
"death_time[715]",13.8793582814081,0.24803798268484,0.383909260742303,13.0883176494228,13.6077995980944,13.890097649134,14.1516694114914,14.6023060870452,2.39563580675006,1.54849115892713
"death_time[716]",24.2197777805752,0.15009380209662,0.297913650338649,23.6372176190521,24.0128570237281,24.2194092396516,24.4356686902282,24.7862166718971,3.93962865624909,1.20210083593169
"death_time[717]",0.426521947043162,0,0,0.426521947043162,0.426521947043162,0.426521947043162,0.426521947043162,0.426521947043162,1.001001001001,0.999333110962839
"death_time[718]",7.07195073616278,0,0,7.07195073616278,7.07195073616278,7.07195073616278,7.07195073616278,7.07195073616278,1.001001001001,0.999333110962839
"death_time[719]",2.70959785872264,0,0,2.70959785872264,2.70959785872264,2.70959785872264,2.70959785872264,2.70959785872264,1.001001001001,0.999333110962839
"death_time[720]",6.76625064260039,0,0,6.76625064260039,6.76625064260039,6.76625064260039,6.76625064260039,6.76625064260039,1.001001001001,0.999333110962839
"death_time[721]",1.02375007207223,0,0,1.02375007207223,1.02375007207223,1.02375007207223,1.02375007207223,1.02375007207223,1.001001001001,0.999333110962839
"death_time[722]",1.10976746250753,0,0,1.10976746250753,1.10976746250753,1.10976746250753,1.10976746250753,1.10976746250753,1.001001001001,0.999333110962839
"death_time[723]",33.7999336737847,0.0465180153394903,0.315881145095545,33.2236857647871,33.5612272818702,33.8093811663936,34.0334081961484,34.3954320614795,46.1110543071986,1.02873245294284
"death_time[724]",6.77212720876655,0,0,6.77212720876655,6.77212720876655,6.77212720876655,6.77212720876655,6.77212720876655,1.001001001001,0.999333110962839
"death_time[725]",11.089911489413,0,0,11.089911489413,11.089911489413,11.089911489413,11.089911489413,11.089911489413,1.001001001001,0.999333110962839
"death_time[726]",416.020487546026,0.29224039745682,1.49692919775778,412.972710526386,415.056405951089,416.072503439998,417.100268680171,418.761701692838,26.237473873708,1.06334151721269
"death_time[727]",3.86415527240313,0,0,3.86415527240313,3.86415527240313,3.86415527240313,3.86415527240313,3.86415527240313,1.001001001001,0.999333110962839
"death_time[728]",45.5232985843514,0.0419188907483186,0.321543371130408,44.8775442340722,45.3079592650429,45.5306458624046,45.7542121544766,46.1136069978826,58.8382243101767,1.07669681815348
"death_time[729]",8.1853301801057,0,0,8.1853301801057,8.1853301801057,8.1853301801057,8.1853301801057,8.1853301801057,1.001001001001,0.999333110962839
"death_time[730]",6.6665798703478,0,0,6.6665798703478,6.6665798703478,6.6665798703478,6.6665798703478,6.6665798703478,1.001001001001,0.999333110962839
"death_time[731]",2.19038710331556,0,0,2.19038710331556,2.19038710331556,2.19038710331556,2.19038710331556,2.19038710331556,1.001001001001,0.999333110962839
"death_time[732]",0.45661549673298,0,0,0.45661549673298,0.45661549673298,0.45661549673298,0.45661549673298,0.45661549673298,1.001001001001,0.999333110962839
"death_time[733]",5.78452135753151,0,0,5.78452135753151,5.78452135753151,5.78452135753151,5.78452135753151,5.78452135753151,1.001001001001,0.999333110962839
"death_time[734]",114.124611059185,0.137898307612328,0.42400718703081,113.273478720986,113.842592082923,114.144601936074,114.413892785381,114.908227215172,9.45428224950973,1.10080074817045
"death_time[735]",45.2329000316844,0.0980682657818922,0.393554031085068,44.4327922371387,44.9765803899029,45.2353912866714,45.4979232288912,46.0037668016543,16.1046666379297,1.06322540608933
"death_time[736]",4.53152847972258,0,0,4.53152847972258,4.53152847972258,4.53152847972258,4.53152847972258,4.53152847972258,1.001001001001,0.999333110962839
"death_time[737]",50.9261428869131,0.0879779571941143,0.374380194700538,50.1374960009519,50.6884619593201,50.9307545912732,51.1790359091578,51.6504365536215,18.1083126545848,1.11373937029311
"death_time[738]",30.6862013072087,0.0872174449143485,0.34766661434642,30.1005307866818,30.4434657174041,30.6500776016749,30.9033257871016,31.446819658067,15.8898302418435,1.13454193148067
"death_time[739]",2.93321337480826,0,0,2.93321337480826,2.93321337480826,2.93321337480826,2.93321337480826,2.93321337480826,1.001001001001,0.999333110962839
"death_time[740]",9.47668024404569,0,0,9.47668024404569,9.47668024404569,9.47668024404569,9.47668024404569,9.47668024404569,1.001001001001,0.999333110962839
"death_time[741]",1.80478086145843,0,0,1.80478086145843,1.80478086145843,1.80478086145843,1.80478086145843,1.80478086145843,1.001001001001,0.999333110962839
"death_time[742]",4.08559389168884,0,0,4.08559389168884,4.08559389168884,4.08559389168884,4.08559389168884,4.08559389168884,1.001001001001,0.999333110962839
"death_time[743]",32.4447336343257,0.29834297937149,0.426938007517235,31.7118764852209,32.1155165183252,32.3953908340673,32.7856774094976,33.2960626677626,2.04784929514557,1.64196184923401
"death_time[744]",15.4634910464505,0.0812452207678601,0.292603157380346,14.9827530175922,15.254193389054,15.4395481949791,15.6216103314558,16.0834043528568,12.9706688017013,1.14119265014666
"death_time[745]",4.75006403702376,0,0,4.75006403702376,4.75006403702376,4.75006403702376,4.75006403702376,4.75006403702376,1.001001001001,0.999333110962839
"death_time[746]",12.2774203622234,0.0724115305638773,0.230990782587001,12.026864649443,12.1308955255359,12.2060504254495,12.3583329772412,12.8885508605074,10.1759237935072,1.09028353151984
"death_time[747]",5.64570396894012,0,0,5.64570396894012,5.64570396894012,5.64570396894012,5.64570396894012,5.64570396894012,1.001001001001,0.999333110962839
"death_time[748]",3.19807723370789,0,0,3.19807723370789,3.19807723370789,3.19807723370789,3.19807723370789,3.19807723370789,1.001001001001,0.999333110962839
"death_time[749]",2.17920676966944,0,0,2.17920676966944,2.17920676966944,2.17920676966944,2.17920676966944,2.17920676966944,1.001001001001,0.999333110962839
"death_time[750]",1.11341833989712,0,0,1.11341833989712,1.11341833989712,1.11341833989712,1.11341833989712,1.11341833989712,1.001001001001,0.999333110962839
"death_time[751]",8.18292934861473,0,0,8.18292934861473,8.18292934861473,8.18292934861473,8.18292934861473,8.18292934861473,1.001001001001,0.999333110962839
"death_time[752]",175.073787367234,0.123515843987309,0.679276442796869,173.729778896694,174.596254620141,175.074202118524,175.562558275934,176.376822529284,30.2445945344675,1.05251074816697
"death_time[753]",164.962021714821,0.125498386454795,0.678672754875523,163.568858414217,164.526185902159,164.991952125034,165.442726587024,166.191609555889,29.2445232400511,1.08418496057285
"death_time[754]",12.3421609676403,0.129235548610509,0.272039212691708,12.0464295212309,12.1438269213484,12.2587603519481,12.4464271638042,13.0966220993227,4.43097232013361,1.3781300931721
"death_time[755]",14.9757800287212,0.261709762635666,0.311685251980104,14.468520879228,14.7197564961037,14.9448429570574,15.1903063436886,15.6097178196603,1.41838019771875,1.84636139160153
"death_time[756]",50.5099576645003,0.0510677647018358,0.33480990016107,49.882466724805,50.2801545538642,50.5074014322643,50.7188838558505,51.2000425635601,42.9836098305904,1.0278591435716
"death_time[757]",2.9208381328426,0,0,2.9208381328426,2.9208381328426,2.9208381328426,2.9208381328426,2.9208381328426,1.001001001001,0.999333110962839
"death_time[758]",6.49463493951287,0,0,6.49463493951287,6.49463493951287,6.49463493951287,6.49463493951287,6.49463493951287,1.001001001001,0.999333110962839
"death_time[759]",15.0934409069133,0.0819530809844637,0.264852074733549,14.591579617065,14.9258808063024,15.0870454378219,15.2686648767195,15.6429288822601,10.4442242511715,1.10924797951699
"death_time[760]",1.44445976853516,0,0,1.44445976853516,1.44445976853516,1.44445976853516,1.44445976853516,1.44445976853516,1.001001001001,0.999333110962839
"death_time[761]",0.418315348826857,0,0,0.418315348826857,0.418315348826857,0.418315348826857,0.418315348826857,0.418315348826857,1.001001001001,0.999333110962839
"death_time[762]",12.267940876004,0.058671341175129,0.19838171541311,12.0331753672636,12.1063726151622,12.2149515590893,12.3862344920201,12.7336374229289,11.4327643177726,1.20245243971694
"death_time[763]",19.2027524327776,0.12126656349976,0.341161169672839,18.5429863673437,18.965411671096,19.2260699141577,19.4433510431768,19.8195330176774,7.91474720881613,1.22152746146617
"death_time[764]",2.27417132296272,0,0,2.27417132296272,2.27417132296272,2.27417132296272,2.27417132296272,2.27417132296272,1.001001001001,0.999333110962839
"death_time[765]",15.7384208139489,0.171105814168701,0.307740621980912,15.1853238026561,15.5161504796782,15.7095381174187,15.9419814776225,16.3747510150325,3.23474552123008,1.20318371534202
"death_time[766]",0.345388901538822,0,0,0.345388901538822,0.345388901538822,0.345388901538822,0.345388901538822,0.345388901538822,1.001001001001,0.999333110962839
"death_time[767]",0.900611769785417,0,0,0.900611769785417,0.900611769785417,0.900611769785417,0.900611769785417,0.900611769785417,1.001001001001,0.999333110962839
"death_time[768]",9.18847127368415,0,0,9.18847127368415,9.18847127368415,9.18847127368415,9.18847127368415,9.18847127368415,1.001001001001,0.999333110962839
"death_time[769]",34.2011831682901,0.0392600727241827,0.322148706709144,33.5915008486482,33.9835687344496,34.1905780831024,34.4115805942434,34.8631119882022,67.3303054791693,1.0040487643424
"death_time[770]",12.4410949810429,0.10253384939577,0.300399969031041,12.0346911292884,12.1948877346962,12.3988054789182,12.6302878305685,13.2041315282726,8.58351642649542,1.25812925823802
"death_time[771]",23.7659388917054,0.0853331749217971,0.305063746728309,23.187182852045,23.5561060869465,23.7663105604102,23.9670353956569,24.3967417400982,12.7804277930231,1.10670303632574
"death_time[772]",0.387685156111389,0,0,0.387685156111389,0.387685156111389,0.387685156111389,0.387685156111389,0.387685156111389,1.001001001001,0.999333110962839
"death_time[773]",0.429971235746075,0,0,0.429971235746075,0.429971235746075,0.429971235746075,0.429971235746075,0.429971235746075,1.001001001001,0.999333110962839
"death_time[774]",0.869011358919156,0,0,0.869011358919156,0.869011358919156,0.869011358919156,0.869011358919156,0.869011358919156,1.001001001001,0.999333110962839
"death_time[775]",1.31689230566346,0,0,1.31689230566346,1.31689230566346,1.31689230566346,1.31689230566346,1.31689230566346,1.001001001001,0.999333110962839
"death_time[776]",2.29949594845931,0,0,2.29949594845931,2.29949594845931,2.29949594845931,2.29949594845931,2.29949594845931,1.001001001001,NA
"death_time[777]",5.24296695094122,0,0,5.24296695094122,5.24296695094122,5.24296695094122,5.24296695094122,5.24296695094122,1.001001001001,0.999333110962839
"death_time[778]",18.062228636621,0.0913114409256442,0.320363550862123,17.4280621452239,17.8414082825913,18.0795799716086,18.2858044692373,18.6464245875684,12.3093694038327,1.14005535000795
"death_time[779]",27.0168182480416,0.157348826643669,0.446233336465741,25.8443341367233,26.82768696289,27.0566774549208,27.2828129783142,27.822957988118,8.04260993494862,1.16990298264105
"death_time[780]",0.163229387569982,0,0,0.163229387569982,0.163229387569982,0.163229387569982,0.163229387569982,0.163229387569982,1.001001001001,0.999333110962839
"death_time[781]",19.1074118196306,0.439002574172953,0.57419129083528,18.2629256276606,18.6858792404443,19.0021522288691,19.4049000598362,20.4807309595612,1.7107205339297,1.73123655061599
"death_time[782]",9.66708739149296,0,0,9.66708739149296,9.66708739149296,9.66708739149296,9.66708739149296,9.66708739149296,1.001001001001,0.999333110962839
"death_time[783]",147.629270217921,0.151678081400677,0.550482331029733,146.544771076735,147.23148008643,147.634225123652,148.020309353218,148.684146516015,13.1716782840249,1.12925930683432
"death_time[784]",13.0984836123088,0.28349629798504,0.386525645221164,12.3668014537807,12.8447341124807,13.1094065856287,13.3707197609673,13.8100618648048,1.85892489448143,1.64043934970846
"death_time[785]",76.7526772186469,0.235094003264404,0.465726903724286,75.9306633387345,76.4189788608524,76.713050768898,77.0533805115053,77.7453532906767,3.92445677957455,1.21032134652064
"death_time[786]",121.451890160883,0.356315298065389,0.616724003514748,120.371510482587,121.024506579263,121.403711066208,121.830953274536,122.782476762528,2.99579965414344,1.27881213961286
"death_time[787]",7.50631521101433,0,0,7.50631521101433,7.50631521101433,7.50631521101433,7.50631521101433,7.50631521101433,1.001001001001,0.999333110962839
"death_time[788]",398.889280579274,0.24982466825285,1.38829616871655,396.224875452165,397.877467858574,398.911374530307,399.894157463424,401.483913576334,30.8811604264682,1.03517587216074
"death_time[789]",3.92578492311534,0,0,3.92578492311534,3.92578492311534,3.92578492311534,3.92578492311534,3.92578492311534,1.001001001001,0.999333110962839
"death_time[790]",13.7116744407196,0.333704771951225,0.418609546148852,13.054819001597,13.3622919341163,13.6729944770442,14.0359950730272,14.5355221817482,1.57359664782393,1.69674270672378
"death_time[791]",16.7252471893346,0.369378742707608,0.438694666040243,15.9449311353631,16.382436996019,16.6935730144333,17.0612494417652,17.5440100582886,1.41052539813933,1.81036147035354
"death_time[792]",19.4981555042874,0.518027468620782,0.635315212529061,18.5437390759843,19.0140648175448,19.3918699079268,19.8454267875927,20.8636398006507,1.50408690835006,2.02087225957785
"death_time[793]",47.1340943350023,0.132356219615313,0.375870921560156,46.4464860493822,46.8779043763315,47.1119973818082,47.3749849521442,47.9014709016693,8.06470988583231,1.11491455355991
"death_time[794]",21.2201716621174,0.445186578291744,0.543809302043227,20.3123021194442,20.805307789018,21.1557428246866,21.6101029899499,22.392376785645,1.49213851010191,1.70215846664772
"death_time[795]",12.7852376510313,0.294352734845746,0.398843092932537,12.0998482538956,12.479149231654,12.7886408149542,13.0555866736426,13.5956860460147,1.83598023037073,1.56646901274943
"death_time[796]",226.030706028704,0.142066508096753,0.789218746697462,224.544903690337,225.469027674671,225.988703237827,226.567799449357,227.588961692179,30.8610979948843,1.04714468183866
"death_time[797]",11.9632682731065,0,0,11.9632682731065,11.9632682731065,11.9632682731065,11.9632682731065,11.9632682731065,1.001001001001,0.999333110962839
"death_time[798]",82.6855765704494,0.266431560708069,0.502850444484326,81.7560569097369,82.310111672005,82.6633869841719,83.0523898462591,83.6610954666443,3.56210190038334,1.25020397971736
"death_time[799]",118.024040140341,0.275901580591013,0.589327014955718,116.943159537125,117.580720332477,118.01733133492,118.482923142474,119.071859292139,4.56251518153577,1.17453683437513
"death_time[800]",107.428970341658,0.240199758889962,0.533043930925873,106.336797332145,107.047196711656,107.459420988654,107.831250674045,108.373482783132,4.92471238446213,1.20561822317938
"b_i[1]",-0.142102609325913,0.0577167626326818,0.292569262831541,-0.834763263454663,-0.240128033125316,-0.160103316604912,-0.0572854835301105,0.539478574341659,25.6952867339292,1.0702045691441
"b_i[2]",0.016380400945183,0.109300149412999,0.397783564761624,-0.823007270524698,-0.0818813939955242,-0.0363322230452904,0.0186980821473269,1.00400091230212,13.2450060051112,1.09989425280284
"b_i[3]",-0.0655491242496455,0.062722762336002,0.414601680096005,-0.682318613656293,-0.175150964948222,-0.122341579045766,-0.0669140202004643,1.27092047798526,43.6929896711419,1.08153000757581
"b_i[4]",-0.0127600639687332,0.102429329429083,0.378885279618447,-1.07619320262793,-0.033117250980594,0.0691837372005393,0.168917594875475,0.562894667622422,13.682542501836,1.1768552263018
"b_i[5]",0.145393647801732,0.124247258612831,0.402749166566114,-0.314020951243817,-0.0724149844090427,0.0150551357830631,0.150134226462642,1.30182346344515,10.5074097933606,1.13320637600725
"b_i[6]",-0.0987438301063925,0.157789860387993,0.304971569996093,-0.95791125013168,-0.196664853093786,0.0204767398106295,0.0799369580334263,0.230223467528623,3.73560138036142,1.33475703084574
"b_i[7]",0.283415917817779,0.262173010585604,0.402709389686259,-0.084949174775203,0.00260129430124031,0.0906496896763041,0.528780315155152,1.30818287477957,2.35943245671703,1.90630353734018
"b_i[8]",0.51741950346373,0.222135590913757,0.434394322439901,-0.0205779533307705,0.250078411938149,0.371783680468104,0.690130450251846,1.59948990524946,3.82412417295519,2.38054802948399
"b_i[9]",0.195326871400816,0.0761403336661296,0.376638429248831,-0.408988446231322,0.00891817892075137,0.0789317139517233,0.323675516058854,1.25878617294531,24.4691965010455,1.13912490470645
"b_i[10]",0.278755168195387,0.239279925298912,0.51996310790868,-0.251203931029146,0.0416706369373703,0.106693857467218,0.159466308926514,1.67378254298695,4.72207122026265,1.90965545802587
"b_i[11]",-0.234249741628802,0.266900872846981,0.4206573015028,-1.51107689235964,-0.368259258822428,-0.012301318035741,0.032078500470888,0.100090826330477,2.48403021932656,1.81619103965239
"b_i[12]",0.212143393912913,0.0808541060761116,0.44405496714974,-0.692007759482382,0.113959473382748,0.166765947333394,0.24662719085448,1.59295469343945,30.162636823496,1.10957140812858
"b_i[13]",-0.329833531275293,0.499633361624559,0.609947050241239,-1.52216569479809,-0.959218284040913,0.0265594607696332,0.167681156002885,0.229558743729114,1.49032645853771,3.28205759805186
"b_i[14]",0.067782039673189,0.101288815458166,0.304776366500632,-0.308952689509725,-0.105449217048202,-0.0231322775279118,0.169222728974958,1.0137921187841,9.05398123107795,1.26304405283582
"b_i[15]",0.0903783305398892,0.0966661785511371,0.372856711654566,-0.502552639799242,-0.0569579136734,-0.0103716357564132,0.0788874593745809,1.15807101442385,14.8776668575031,1.16580156635817
"b_i[16]",-0.0484218102184285,0.0690992503011766,0.324739758764138,-0.721727576430598,-0.117292749458148,-0.0771105270898863,-0.0158048598859986,0.848866834455829,22.0863655815158,1.00982640176822
"b_i[17]",-0.00987901059448736,0.0378071359894598,0.160787089234012,-0.325379025488936,-0.0934601610800697,-0.0386844161595257,0.0534931534017497,0.371591512238544,18.086510608654,1.16289308225842
"b_i[18]",-0.017409806564275,0.123356046421327,0.323493831446463,-0.84339615832962,-0.0761737450592958,0.0795073202763898,0.17387646923521,0.424413617984815,6.87719159906554,1.27571064360259
"b_i[19]",0.0951963043316028,0.0666263570398357,0.371782499979327,-0.705768321786179,-0.00376599234975388,0.109274169090308,0.228866643095332,1.03172320162147,31.1376441611811,1.04417495757389
"b_i[20]",0.103353422713152,0.190438213537281,0.501218677584313,-0.749696658827919,-0.0212246996822637,0.0375221602108892,0.0504371934404207,1.42315328058388,6.92701766342212,1.44248813169176
"b_i[21]",0.191787716652075,0.0490496373525971,0.350843677449152,-0.651361280314988,0.077182492089739,0.215185224062639,0.270492805314356,1.07932831705389,51.1629653147391,1.0108334667308
"b_i[22]",0.289318577082717,0.116864413252885,0.226407060955385,0.0112458249854693,0.14583658539309,0.200767796154036,0.391555315613967,0.919508981063761,3.75331805785237,1.50007602587176
"b_i[23]",0.068557055583494,0.101019001749202,0.452485102413783,-0.666807703547249,-0.0684614975108074,-0.00133266193173809,0.0752778581057306,1.44667044928269,20.0633026779143,1.0939959069061
"b_i[24]",0.277668767774842,0.196648569014734,0.365773033775683,-0.136757584830265,0.0473741054220543,0.169075913764319,0.412734298735905,1.26357771192724,3.45972665816427,1.43691464133169
"b_i[25]",0.199797045939358,0.287740670899225,0.427584692573923,-0.23490939025665,-0.0834733320237598,0.0543542262712924,0.35667501814858,1.32861422048429,2.20821723200169,1.79503049395581
"b_i[26]",0.00828014136351336,0.0811706289723643,0.373039891598483,-0.981976553906867,-0.0158426379735586,0.0481076254085851,0.0650019751011011,0.823665286331043,21.120915061583,1.00935061500202
"b_i[27]",0.32464524563394,0.0659921410802193,0.210431879890486,-0.0936953739835069,0.231447940304804,0.348677264862108,0.410583660335565,0.819080154369373,10.16807244603,1.04192215400172
"b_i[28]",0.111475907450265,0.155714054493686,0.406455855208796,-0.446237304336892,-0.0929287535607738,0.00850494704334924,0.149362265878328,1.19010223002466,6.81351383756092,1.29819186349328
"b_i[29]",-0.222476184208247,0.486505910131411,0.603556616822886,-1.52616265865299,-0.66376639907955,0.067472142965713,0.255804998186273,0.35359136988768,1.53907502196282,3.61553840289987
"b_i[30]",-0.348143790796173,0.108972806093255,0.493593119902225,-1.59609978435131,-0.350285018374788,-0.280257605737359,-0.188245672935345,0.70165940683191,20.5164363143601,1.13223257182007
"b_i[31]",0.0654481992197373,0.116666364392955,0.340666397227674,-0.431431330712753,-0.0910715777908158,-0.0050399706311403,0.092964593073888,0.979397424437389,8.52643069515949,1.57102337264006
"b_i[32]",0.0183242879583026,0.0487440268604877,0.303587401695423,-0.694069919102731,-0.0305589901540205,0.0238433884824424,0.0816488841780658,0.830635434823008,38.7904378286475,1.0656856785755
"b_i[33]",-0.138765087213267,0.0881938734932633,0.40516266277133,-1.35330741722891,-0.198071757064167,-0.0646039038095419,0.0197781978980519,0.733992350484183,21.1048368275274,1.04301218519114
"b_i[34]",0.0710412072992802,0.0738971653413435,0.333992461034818,-0.357527383039409,-0.0722955106316036,-0.0539904232580836,0.0317204290868887,1.09350590157131,20.4276199361826,1.17459635485978
"b_i[35]",0.213551040121105,0.300194076428341,0.588447515778685,-0.322388499709091,-0.154441161159762,-0.0310726956958142,0.38204503962189,1.90406159317649,3.84247659573863,2.07190713125398
"b_i[36]",-0.258193175250965,0.279382116969913,0.433379432021367,-1.45514365183667,-0.416808763260995,-0.0796366708379121,0.0380178304934593,0.154689704563758,2.40624245174113,1.60639043127488
"b_i[37]",-0.0331192990639095,0.100302923827059,0.441235987066062,-1.32163806539694,-0.0298983644130727,0.0961445171673046,0.134351711273674,0.618172673267684,19.3515014358477,1.09074712678479
"b_i[38]",0.248358469349746,0.330150500065552,0.561947827433007,-0.28950244484578,-0.104506374476911,0.0101006980539135,0.477286751658659,1.84470931744955,2.89713060631239,2.01783410316069
"b_i[39]",0.289695351124697,0.0895394426074816,0.272443714120691,-0.0258072954387988,0.115959729040876,0.192860336851295,0.370506578357678,0.942609719309813,9.25816275803057,1.16237945654291
"b_i[40]",-0.079515687061587,0.122850008545049,0.399100961268178,-1.03427901156876,-0.128877658625721,-0.019968941033628,0.00893014802667748,0.896475907588389,10.5539532379865,1.02994695125146
"b_i[41]",-0.0190437497597488,0.0952952313988181,0.45954215754141,-1.21284894392192,-0.0540671226469938,-0.0183930600878879,0.0477598740302843,1.11710987012101,23.25457356221,1.00106267917357
"b_i[42]",0.202737054115623,0.096785374397232,0.486032409245583,-0.615793352043188,0.015137935993013,0.199840041750778,0.265261644466684,1.62281611012898,25.2180203162657,1.07870188627106
"b_i[43]",0.0153374950258974,0.0887309451041998,0.37210538794015,-1.11989586823974,-0.0565105250368906,0.000269513723144057,0.120126873070742,0.860647640050316,17.5865925644405,1.03407179726381
"b_i[44]",-0.0517772085469301,0.117519306929227,0.334561271138369,-0.563575384030591,-0.258009167823145,-0.0665806377181614,0.0482648051656933,0.855981127236953,8.10462431172716,1.30893327705941
"b_i[45]",0.0567033094383128,0.173582301359079,0.431919716709334,-0.495128711196951,-0.150567172740123,-0.0963410967235738,0.0474400784038007,1.24634796425354,6.19148999273672,1.43920227631235
"b_i[46]",0.147827491183437,0.0727936799124087,0.319195911476082,-0.571483669141951,0.0446507783530056,0.144888285254104,0.231198357232272,0.863178518014096,19.227697921833,1.34809761492798
"b_i[47]",0.108142673982907,0.106104473003831,0.410612888878465,-0.966265802025055,-0.0566106974048287,0.0878245571316682,0.224291282703523,1.0119755161851,14.9760668370726,1.04261724723722
"b_i[48]",-0.053336524976026,0.157031212171601,0.429683910914734,-1.24358910527185,-0.129836422520091,0.0541880965543526,0.148998810239046,0.856180611295974,7.48731695575644,1.26172541607045
"b_i[49]",-0.375932512382604,0.325294021402288,0.530931512709565,-1.74134973895438,-0.694445651436398,-0.0906097206518896,-0.0201541884578517,0.138480174942714,2.66394247977961,1.92640839209244
"b_i[50]",0.0831994363962345,0.0919507826123282,0.320777073997688,-0.80764727204396,-0.0219583257359796,0.152335469731643,0.248215537803465,0.667516464440996,12.1701458595132,1.1200354819493
"b_i[51]",0.0925152813244277,0.117837423824012,0.402421633884435,-0.817570364683927,-0.0546270487497145,0.000372296522951654,0.229851886362713,1.09564556187912,11.6626209668605,1.06653503684759
"b_i[52]",0.23527967653879,0.233707121275143,0.471477495881742,-0.200208295210973,-0.036390003987206,0.0427693293619116,0.194063654965841,1.39159619540488,4.06984664108594,2.49761762416554
"b_i[53]",0.282916169230056,0.28440867884108,0.495831106478355,-0.263267199217038,-0.066282491747655,0.0439015501227528,0.666401712608723,1.32561624019332,3.03935793538714,2.88899382515552
"b_i[54]",-0.135692729801785,0.0963486311638512,0.460991429316431,-1.25814561582057,-0.180272992456051,-0.139295131459499,-0.0467209147126367,1.06849735440953,22.892572819961,0.999871985384022
"b_i[55]",0.317608616129368,0.11918782712367,0.416878479996197,-0.564467197589457,0.0130219522886211,0.392879686765791,0.537485238103252,1.2429045833879,12.2336245705069,1.1380037405724
"b_i[56]",-0.307373511990078,0.106486043341377,0.198853810203865,-0.795359533587693,-0.420061498377641,-0.237998203002393,-0.168129547419339,-0.0220424121865497,3.48724494033256,1.30905553070183
"b_i[57]",-0.0217053384727617,0.0493772516482405,0.224013202601105,-0.716716856510947,-0.104625617631597,0.00585021137235052,0.0773243550312725,0.341905117150396,20.5822762703705,1.08570284899665
"b_i[58]",0.262979031580726,0.121758190482015,0.337996278865593,-0.18282872271528,0.0979105264573576,0.119360063287725,0.388089163685291,1.15205930512714,7.70597272688314,1.20665590439337
"b_i[59]",0.113541484912379,0.208606733868183,0.418161368931356,-0.403176025954104,-0.152867648420038,-0.0097262294780555,0.259029901416636,1.17905223483583,4.01819649796124,1.59827538804668
"b_i[60]",0.104456578129498,0.21324788792378,0.451827174146476,-0.559542955018219,-0.141304686633208,0.0165438925639661,0.188716508200626,1.39452360026466,4.48926473881705,1.27596591759252
"b_i[61]",-0.187133968559033,0.193469013939752,0.542927184532002,-1.77517625752971,-0.218772329858374,-0.080505590614172,0.0337548451347039,0.498974574130011,7.87517727060277,1.26831045368512
"b_i[62]",-0.0434240948321047,0.0813012028635929,0.421898044662796,-0.896254955557073,-0.211328586411983,-0.15938715365547,0.0704194962274151,1.16453736521432,26.9290531198545,1.08974979079866
"b_i[63]",0.306544329765187,0.204028646403864,0.54172783770641,-0.39152570817467,0.00412906138181526,0.138719055933208,0.357348298681083,1.64763204340616,7.04985216197269,1.18704164085118
"b_i[64]",-0.104125291745934,0.144658127525661,0.516736415441876,-1.43552242902134,-0.25944224447598,-0.0237160499696833,0.122149023705504,0.887468694962615,12.7600524037709,1.1001770303692
"b_i[65]",0.154956153317549,0.149710347472631,0.343103372328788,-0.267723445221086,-0.0649039226794221,0.052531844858398,0.241003828745343,1.00278413956902,5.25226145277037,1.44902133044205
"b_i[66]",-0.147737572825135,0.190134716629283,0.496021775163693,-1.48944506263689,-0.0741286079637683,0.00830595550047517,0.0753864871218726,0.577030017984209,6.80579151440537,1.79164751737757
"b_i[67]",0.0561280168987224,0.142946144765747,0.357221743556834,-0.505864834023004,-0.141253325565036,-0.0699422824943498,0.194577496729809,0.946003707527436,6.24497749662917,1.25573271981405
"b_i[68]",0.160634560827556,0.0491661106691176,0.167432502129033,-0.0847515602025922,0.0724024512878411,0.103412040752186,0.212681204311565,0.558765489368802,11.5970579173156,1.13191961747656
"b_i[69]",0.101343265505828,0.0940605970577314,0.290404225564877,-0.278531176881567,-0.0266013029890259,0.00366185510500598,0.136133473699913,1.04427374005552,9.5321397391281,1.21750452200961
"b_i[70]",0.137510944216065,0.0580940499661493,0.220137199983794,-0.364265647626006,0.0822063747542461,0.120678383372614,0.164977104275991,0.752549022512683,14.3589792717507,1.00803500410825
"b_i[71]",-0.337912900459597,0.1945484705541,0.447062656597178,-1.604817660853,-0.388288614747178,-0.193662675989338,-0.113275367271442,0.1937330152931,5.28057417149152,1.8655457948936
"b_i[72]",-0.0891042000130955,0.0412234137999822,0.293808439463471,-0.676283191474057,-0.249698101303195,-0.0905281283046152,0.00932174033453743,0.640760363355507,50.7972995622229,1.09752293681465
"b_i[73]",-0.250852939518577,0.265486312014291,0.400732272329293,-1.27066921603292,-0.431573452015701,-0.00368952424460959,0.0143961346756151,0.037756195550746,2.27837060567807,1.60890049179137
"b_i[74]",-0.221264741431775,0.171012931654241,0.29502794854796,-0.968997446098445,-0.360861533609764,-0.115434175344718,-0.0229573724179953,0.19650305166717,2.97624318993662,1.40301737440311
"b_i[75]",-0.0550067864927228,0.0937647409381554,0.452568478286117,-1.31428004337578,-0.0642718906882603,0.029822567145797,0.0538800499545682,0.883069274893621,23.2964360934756,1.04744475200684
"b_i[76]",-0.354142634209677,0.405722638401895,0.593180765930181,-1.7129923707223,-0.71699342782016,-0.0953425486136186,0.0544380227194925,0.269875353350077,2.13754683342634,2.51590583183165
"b_i[77]",-0.316133977718002,0.332347318118813,0.5388620904316,-1.69271475113457,-0.681474630604521,0.00521722069708371,0.0192348135583633,0.0472798849742003,2.62888086894541,2.10177256766658
"b_i[78]",-0.0709257062759657,0.106447374052842,0.397760210718819,-0.683456961180334,-0.248291593641852,-0.185819347601805,0.0175415893747173,1.07535499435141,13.9628081059357,1.16325950487182
"b_i[79]",-0.512113042400669,0.479083964482027,0.625965121606429,-1.78044432616064,-1.15178009595757,-0.0831373216010901,-0.0477211838213772,-0.00621418420171797,1.70717090695858,2.69514235110152
"b_i[80]",0.0322545557363796,0.0431231649751141,0.350514722298021,-0.637001233442204,-0.0143966183322329,0.0243088019342308,0.0518913243656055,1.01820994846716,66.0680170220186,1.05008703343402
"b_i[81]",0.3915242094807,0.503037960834141,0.662578622865274,-0.178279653069358,-0.0915473270768605,-0.0147060092627979,0.966135250423823,1.88939204742413,1.73489550074969,2.91905445327717
"b_i[82]",0.123128532671909,0.147993608618407,0.432787974072497,-0.5698809156302,-0.0190035288088729,0.0151970043760143,0.0470296335937885,1.39607016081788,8.55193613604108,1.5083316894756
"b_i[83]",-0.178320573039377,0.0635691403326418,0.297146491706226,-0.981245734848787,-0.175219668780524,-0.136538357897345,-0.11076917494788,0.45048247405322,21.8498539027542,1.01321102041442
"b_i[84]",-0.0575036412675543,0.0875322590067893,0.381810448479983,-0.716065804854215,-0.214182285323537,-0.140189026216111,0.0180266344490736,1.0889158228816,19.026519230874,1.08614381520635
"b_i[85]",-0.0132107626493681,0.0509975299916575,0.322825498250563,-0.712390663865897,-0.158861375532623,-0.0458249012539496,0.0625908382470104,0.830450449102089,40.0716638851776,1.05333169710307
"b_i[86]",0.0668746664576991,0.156440499218067,0.358404139860448,-0.421197756629696,-0.112986180336689,-0.0561378840473969,0.148548867441994,1.09130992442518,5.24865042668135,1.19145922283865
"b_i[87]",-0.171973769755407,0.0482555792902789,0.241540578134822,-0.87562163287693,-0.222422286176933,-0.134495578154035,-0.0598655678539929,0.22309644681752,25.0544651373777,1.11583719322574
"b_i[88]",-0.571828540330056,0.441839874928965,0.683942206120891,-2.26064976660621,-1.07222995121602,-0.157040923786014,-0.121394666727321,0.104701552704387,2.39612237847321,1.76584958544178
"b_i[89]",-0.125123360491077,0.0548447272976233,0.331117686361756,-0.75615193214294,-0.284906883970342,-0.143427192255258,-0.00292838452983416,0.75443180825432,36.4497870061425,1.07072040283579
"b_i[90]",-0.00555330779380895,0.0506094062286973,0.40907767516309,-0.9609303166118,-0.164964243894191,-0.0266313408165606,0.177734386938924,0.9232717191862,65.3354782212592,1.02190755237144
"b_i[91]",0.00354629403558452,0.089214492360322,0.384251506850581,-1.0247599543962,-0.0890821527537712,0.050852506623642,0.183842077584445,0.789927757305194,18.5507016716575,1.19856552500938
"b_i[92]",-0.280995159326013,0.179226916177577,0.377464662577417,-1.3191058363362,-0.414758156633019,-0.116044053497809,-0.0239469302765632,0.0688971146629342,4.43553627904608,1.3116846952272
"b_i[93]",-0.0540422976910108,0.0734098434684176,0.273276589894547,-0.739331719068466,-0.139584122869352,0.0221988135711478,0.0890489591389779,0.446362319320538,13.8578629911026,1.13257775512567
"b_i[94]",-0.00325747033916691,0.289614354931585,0.339946065037172,-0.412029385336837,-0.304566536332647,-0.107297414330758,0.213966395821416,0.763899526640836,1.37777997596544,2.68517131063456
"b_i[95]",-0.231513984298278,0.0591989196552957,0.354361463515379,-1.03210530803529,-0.348170327164325,-0.262363104256635,-0.152939411714524,0.715838388127066,35.8315347925465,1.01102444165518
"b_i[96]",-0.131492433824491,0.0573134707252505,0.377350125621666,-1.04542544120057,-0.205480151434303,-0.156537158357178,0.00206535242640313,0.688099859446555,43.3486503395905,1.01514991366761
"b_i[97]",-0.0641085667022387,0.0461823139463255,0.29862610838696,-0.745684392017185,-0.130467894550275,-0.0796155222845038,-0.0316575585519808,0.719563865219112,41.8123108865878,1.06337340847054
"b_i[98]",-0.0483028169918884,0.0541349370285889,0.339292082328195,-0.843832303560965,-0.141503107860395,-0.102414456710703,0.0243401017591315,0.703122782204908,39.2818722023554,1.03088150122638
"b_i[99]",-0.0497668465813019,0.0599590188800493,0.357220992205698,-0.832388724266445,-0.163264659292804,-0.0512265625713568,0.0350902600396548,0.82084157954965,35.4948143694488,1.02042607912566
"b_i[100]",0.125265773660331,0.10443676144245,0.472708794837772,-1.1740155776051,0.0463333159346491,0.157072969085867,0.220265668917466,1.12190570329726,20.4871040445496,1.01366684490611
"b_i[101]",0.182578227261135,0.0962809370703402,0.340413218104652,-0.421267751344779,0.0346336053156916,0.0543413972378407,0.268266094994983,1.08262178238216,12.5006389977389,1.12165674429523
"b_i[102]",-0.267829104728472,0.194729347576981,0.369017098459309,-1.26184074039813,-0.367175139079891,-0.121160327837407,-0.0341138208504291,0.110235143984098,3.59112201939313,1.76413546245539
"b_i[103]",0.0742762668162332,0.188593269073454,0.270270128740922,-0.260513688954728,-0.110899888610631,-0.0151693117586045,0.23977828948097,0.788653794139334,2.05373176206669,2.15894404522395
"b_i[104]",0.448521241217065,0.153378310324943,0.357644956055615,-0.0386820165271992,0.25960680499306,0.371798030737491,0.483389817560642,1.31828054075211,5.43721255112298,2.02409412610316
"b_i[105]",0.0101116023132431,0.139287188229828,0.423236036178636,-1.39361074761857,0.0204140039358227,0.0884809972193289,0.181188547323609,0.519814382459878,9.23300208896797,1.13084267964495
"b_i[106]",-0.376130695423158,0.364404654206533,0.567623996937611,-1.79176648693615,-0.685371998080016,-0.0582432646638724,-0.0122702250983585,0.0737985722140675,2.42635121067404,2.28924592956934
"b_i[107]",-0.458812868712387,0.468380153870394,0.60047070041989,-1.6846665534442,-0.994118821476253,-0.110043735759787,0.00663561634657386,0.0947170109426855,1.64356419805749,2.48786020362395
"b_i[108]",0.233015012560098,0.109266407202236,0.426025966166546,-0.807582312695608,0.0507476055955573,0.260176814473582,0.339831516320849,1.32625193491773,15.2019329818834,1.04212028578735
"b_i[109]",0.134947394519711,0.132134885144067,0.333767711402573,-0.457323161092965,-0.0089277058590327,0.0181592177693193,0.222428606565896,0.979425206190926,6.38048450925673,1.40822864063802
"b_i[110]",-0.305916476398638,0.0635646672971136,0.359671515352889,-1.39616937357096,-0.303811829562082,-0.231254591102696,-0.164609722338655,0.191149334786074,32.0169924027319,1.186206903639
"b_i[111]",0.121218906011115,0.124305412723468,0.440608335967719,-0.486420380011447,-0.0524779816987598,-0.00123427880447609,0.13144782625895,1.50926949045017,12.5639251117696,1.11837462467866
"b_i[112]",0.154562273089753,0.104172792460805,0.474480675785584,-0.627296862860103,0.0225378063713439,0.094477108199213,0.115230314157581,1.8192607301112,20.7457168973418,1.01883394925465
"b_i[113]",0.113473905585842,0.0435940211228695,0.310288381060865,-0.766526078096402,0.0890924703172423,0.162272245204749,0.199898806492718,0.747828676324058,50.6613975778792,1.0380465101625
"b_i[114]",-0.507718275200408,0.363903545929368,0.566720603822428,-1.80082091307013,-0.872887708242025,-0.302836384710233,-0.0317693809932926,0.113432581726046,2.42529979245141,2.07853905613472
"b_i[115]",0.236043971413448,0.116873871347324,0.383019252572659,-0.1191322065863,0.0692862048259427,0.0864856596434945,0.2740322648622,1.35693780567495,10.7400511343294,1.17158373774788
"b_i[116]",0.333747738190919,0.058568465897541,0.249130693325021,-0.0944462926634495,0.201645162441562,0.351948901114291,0.438498333088465,0.905954738564995,18.093674623229,1.02835132625507
"b_i[117]",0.18068430815854,0.154397478996664,0.572166129021979,-1.21982565164874,0.0414909066529769,0.115324792342901,0.158470808456867,1.72194434770572,13.7329513049308,1.0229903940017
"b_i[118]",0.111804474315976,0.211291955281233,0.479330916924107,-1.34217722434056,-0.0167677195385684,0.282862636981661,0.377760613979296,0.704751786561612,5.1464168437397,1.30098431169463
"b_i[119]",-0.154782216640036,0.0849128858688595,0.386580073898716,-1.17999037787524,-0.223349053209559,-0.0674753302707487,0.0451570760635588,0.409904544581761,20.7267747249628,1.11371041234872
"b_i[120]",-0.240598937501888,0.0824274731301183,0.360703807020687,-1.06999962960051,-0.329006922393077,-0.237016008368326,-0.114069273259079,0.598868281845417,19.149501779241,1.01675102968371
"b_i[121]",0.0549708592863906,0.105001342224609,0.469270993582409,-1.18077138833173,-0.0496369035708255,-0.0307722584520056,0.0205334209733069,1.36502896158022,19.973663080453,1.03196167972862
"b_i[122]",-0.0481256584853964,0.0633855388539917,0.23955033972542,-0.674083529892181,-0.0374623263775317,-0.00825234442357178,0.0247548007491564,0.470566716064175,14.2827951955128,1.03566729782047
"b_i[123]",-0.0969832752337105,0.120879201271554,0.357665955890937,-1.01622193655237,-0.12371572116331,0.00397954137795855,0.0367693458872499,0.480158026669846,8.75491723948476,1.22850845507438
"b_i[124]",0.0731006680493122,0.219566588316367,0.558232221995733,-1.06716959301914,-0.194148849677415,-0.145421080456883,0.320461203792738,1.37250249326826,6.46393967191297,1.18098382536799
"b_i[125]",-0.250837076371215,0.223917909906848,0.483446030803249,-1.27930335747719,-0.596103228694894,-0.00372137787987276,0.00876653277760106,0.416431200876031,4.66142106573677,1.24248934984395
"b_i[126]",0.330725264450865,0.255941578629491,0.480862451244413,-0.151779462786493,0.0124871525749916,0.13847145678224,0.488028536013937,1.51950934820745,3.52988082660862,2.09599732088657
"b_i[127]",0.128312553528747,0.302625863329481,0.528810145361423,-0.252373470636126,-0.185902385236821,-0.104587862118605,0.242191730821249,1.79587299100164,3.05342652809441,1.37429917043208
"b_i[128]",-0.187659676766237,0.134393103218489,0.475768169551078,-1.38828760601843,-0.244396261116773,-0.0623551160933372,-0.0501443928518727,0.963769250526708,12.5324736897927,1.04885979719849
"b_i[129]",-0.40600655022369,0.317890539774448,0.614138992484563,-2.03765047027883,-0.657271039797696,-0.0920867903380258,-0.0461700733941194,0.100989045433652,3.73231368167644,1.56620857995454
"b_i[130]",0.172099367466236,0.291556286585259,0.357570786449754,-0.228787589655074,-0.102240015062064,-0.00416667517504066,0.520331528843819,0.876288213608549,1.50410875443568,2.65833960683414
"b_i[131]",0.10100994904687,0.104906757693302,0.500803481441253,-1.2163185709742,0.0234763390153494,0.179547018503701,0.233063825368688,1.01679980524757,22.7891301783056,1.13746727765909
"b_i[132]",-0.0560756199790334,0.162681504183308,0.55035288445897,-0.921822364453278,-0.167350973323388,-0.13038981800989,-0.074392327578949,1.81272130818775,11.4447453887114,1.13719901728608
"b_i[133]",-0.054124638715479,0.156635973868411,0.432863025524217,-1.18581769964967,-0.20096760052613,0.11427173973,0.161722062810314,0.764499768099412,7.63691502140482,1.24157877310531
"b_i[134]",0.180076132071392,0.295678708056035,0.442341082395425,-0.238295292613299,-0.153453514966731,0.0204661665361914,0.321887985123852,1.24229582172799,2.23807403482095,1.50961186138693
"b_i[135]",0.291863344609546,0.0529120839921546,0.16925196326891,0.0202977891040764,0.188643220929172,0.247468633033376,0.377197660562333,0.717130022063302,10.2319332010493,1.1791045491895
"b_i[136]",0.346281062761853,0.326975334748716,0.490275216502057,-0.00711768472366218,0.0173009267668261,0.0372422168351559,0.545899685174973,1.58975522041821,2.24827739601188,2.12613429787604
"b_i[137]",-0.171866709898922,0.290265029546745,0.405555706334794,-1.28305520518042,-0.35868752087375,0.0532836257506725,0.108256214049533,0.152362602882275,1.95214287760439,1.72907163809948
"b_i[138]",-0.335652064441561,0.105419581941469,0.43248899029481,-1.54625248168323,-0.420735080638812,-0.309542852844562,-0.183248923054272,0.376406106445152,16.8309075050958,1.17863411092241
"b_i[139]",0.0535550422641828,0.135821993368423,0.437075049130721,-1.22272272497452,-0.0475279088731768,0.205232879156449,0.273977064811034,0.647018006183042,10.3555180517464,1.19464757577685
"b_i[140]",0.290497099073813,0.165823480125164,0.44844850507344,-0.390067071962263,0.0241359965833155,0.128107601826557,0.437475762346109,1.37685797445414,7.31363210509108,1.21539375011843
"b_i[141]",-0.116321363677068,0.0792413086203512,0.389882726893729,-0.926667627735571,-0.191676054153861,-0.118474739068663,-0.0784838293203512,0.994971226457544,24.208323361552,1.04216738338694
"b_i[142]",0.37164555767806,0.194714802021841,0.499206269668963,0.00503241539406169,0.0769180651482833,0.190187899861348,0.393203224416125,1.8090276056563,6.57297722478821,1.30028447621719
"b_i[143]",-0.198595272104521,0.561065250665957,0.860851021612596,-2.32349039252032,-0.230869066845945,0.251127617231776,0.358797780058496,0.478732665495081,2.35412356679732,1.88075062577893
"b_i[144]",-0.163353478920657,0.0973128982793223,0.419383665861489,-1.21169433415158,-0.192582905202614,-0.118030360042383,-0.0164228996225687,0.763564517503408,18.5730063998973,1.00537192215009
"b_i[145]",-0.0348038324152747,0.0947988416353246,0.389953999938247,-0.777890332603664,-0.160670593348149,-0.116575840007072,0.0186932021495875,1.15748588237281,16.9207924177611,1.09048861721676
"b_i[146]",-0.534874918870307,0.391294874183998,0.638465637319277,-1.95708415990853,-1.12830090732674,-0.170759651862689,-0.105160061650541,0.0437640663328634,2.66235974854562,2.37512029227055
"b_i[147]",-0.0353233474576496,0.0686526964338802,0.290301555475635,-0.777596045052962,-0.131095684384017,-0.0516734533581108,0.0192615858227955,0.666159547892117,17.8806592434268,1.05339582845832
"b_i[148]",-0.0568573687641317,0.0716883914466783,0.300786257311766,-0.602957254113107,-0.155079762540264,-0.121684579661374,-0.00463642340867533,0.8199050980231,17.6042816465675,1.05488462531007
"b_i[149]",-0.507540662480467,0.130156342516309,0.370222328792236,-1.45416496114937,-0.67496551629494,-0.381806467222754,-0.309281688000707,0.00728248391869553,8.09085735338775,1.17871897432721
"b_i[150]",-0.155865508430353,0.142859229048801,0.57755265342786,-1.61705509933916,-0.312468375360169,-0.206990760092767,-0.0193609565753908,1.33029040927243,16.3443089400575,1.01635304777702
"b_i[151]",-0.0767508206059465,0.112787941404739,0.458107478292594,-0.808501199578717,-0.220601375885598,-0.16871101580641,-0.00400475339515022,1.27075205012201,16.4971689743171,1.14319886409829
"b_i[152]",0.327979213023534,0.211471890412938,0.354330438306941,0.0171997603274518,0.0791934267465322,0.1701252932171,0.513992750235906,1.18810817949,2.8074473973387,2.0194874730893
"b_i[153]",0.257009760679834,0.242653972030266,0.690753080421334,-0.750925923948458,0.0537163646487602,0.0801620334028345,0.174504770430664,2.47251916718411,8.10346668931703,1.15779506074554
"b_i[154]",0.219903595824922,0.189595870324781,0.566191184684529,-0.94330258102529,-0.0227001802992486,0.0393378805675424,0.3302590366789,1.55129431789565,8.91802036154505,1.11128960834206
"b_i[155]",-0.366309111262795,0.452505272500103,0.675314458109025,-1.93053624880252,-0.602263540904787,0.0493447959259437,0.0799817568436187,0.151151665318107,2.22722866724124,3.03365344904354
"b_i[156]",-0.227937316451483,0.256134222425911,0.378527736727229,-1.19452022855653,-0.400843429404169,-0.0141239890461744,0.0154812510475653,0.101383219422746,2.18403803894672,1.49933519714779
"b_i[157]",-0.0955931276411227,0.0913655263369451,0.292370474719644,-0.869441251106129,-0.120230702077308,-0.0287025552590945,0.0051729394248802,0.548958144059455,10.2400553691543,1.05104941235238
"b_i[158]",-0.16692747779386,0.126750022716957,0.45022189082088,-1.44865660903448,-0.265529449042414,-0.190154845387913,-0.00458470113164884,0.84023196677337,12.6170296443725,1.17453829594799
"b_i[159]",0.776561928600352,0.508940495620143,0.776140358459378,0.0320811319237192,0.227998785587667,0.324265659461393,1.48789787650067,2.40313932453752,2.32566157229332,3.29956768506487
"b_i[160]",-0.121361501091096,0.180626152066854,0.322231625566016,-0.99706917178402,-0.192599771290163,0.0342069984773511,0.0512215860174782,0.106079184850176,3.18254874486567,1.42445780742273
"b_i[161]",-0.119833200019517,0.0539368772607298,0.259060457467777,-0.657976216540925,-0.188993664920995,-0.154618562040806,-0.035017849908285,0.593439507625142,23.0691003649705,1.02906641686155
"b_i[162]",0.0583145467125836,0.225120989732073,0.366709809022327,-0.302654210997152,-0.157616829929214,-0.119547090726408,0.202944184921942,1.04600833296284,2.65346323708987,1.41674545833823
"b_i[163]",0.0350881323622872,0.0964451955166162,0.259369642383323,-0.506383171015159,-0.103551642314457,0.00830693286872697,0.117991089360296,0.658538191276655,7.23231096021778,1.23497167335083
"b_i[164]",0.137362799609422,0.147998394053742,0.337615047983487,-0.228996251013054,-0.0816381346270571,-0.00648116302123067,0.205704203363971,0.986306235665866,5.20390770368504,1.38935936501074
"b_i[165]",0.0427582800126438,0.0670935396622876,0.363019520270712,-1.04517196512781,-0.054727428376271,0.0581579168528389,0.225067789292003,0.770403381586809,29.2751108257375,1.05520599835072
"b_i[166]",0.316311732661522,0.241421231734,0.487475948666282,-0.0543868603806535,0.0619244728458707,0.101091768611683,0.194127826787629,1.54296640418305,4.07713848935975,1.86328881561393
"b_i[167]",-0.128682956169424,0.135952731606096,0.396599120783192,-1.1795353278325,-0.169562828253425,-0.0562920829735487,0.0483924620955287,0.706547358287018,8.5099619485128,1.37003019109126
"b_i[168]",0.0803801808493196,0.0725109611624817,0.367935736083734,-0.873013140733442,0.00377755817547285,0.0583771681021009,0.19223812173982,0.941192403328594,25.747591986832,1.0837621557019
"b_i[169]",-0.55540524808997,0.554008361923079,0.858122108961111,-2.63223429479063,-1.1429056141187,-0.0839606002143253,0.0235332640375085,0.18923871516501,2.39919497567027,2.39383019077099
"b_i[170]",-0.279128440265312,0.178185728267538,0.46343587152214,-1.40965541674146,-0.361736138293455,-0.0877573599176784,-0.0406255705527237,0.356268296354825,6.76446509988303,1.16757450575411
"b_i[171]",0.120165996266635,0.222354791985847,0.274476783776651,-0.514513335095347,-0.0614370759263721,0.242887486235184,0.336864571126556,0.442711777176476,1.5237658830184,1.99237575196447
"b_i[172]",-0.0386523327166483,0.0567998385169652,0.382379431490278,-0.669342129204478,-0.231874316968432,-0.078159407108768,0.0445002788483511,1.03549063888509,45.3205158347223,1.12221824423909
"b_i[173]",-0.0224158667323812,0.150667312760459,0.516659439985546,-1.26970009688332,-0.087329506196289,0.00122887221178784,0.0781043001915963,1.19513503040102,11.7590071074689,1.00229572008633
"b_i[174]",0.216661610965112,0.199198129065466,0.45821232340282,-0.404623424777456,-0.0101829186071591,0.0449754562994993,0.230489008143176,1.47315667224571,5.29130773435944,1.46886993260342
"b_i[175]",-0.336833712587965,0.163815772418459,0.515565420098738,-1.54426112860302,-0.551149802740356,-0.208089780799345,-0.150653951251806,0.866375112441622,9.90503771719615,1.06010337678315
"b_i[176]",0.192965685942564,0.064451437213746,0.293949511337239,-0.356498130934596,0.103111910242349,0.171740065563282,0.220203045488638,0.988515503556971,20.800811227696,1.00394040226645
"b_i[177]",0.16850754252895,0.252184062611322,0.540371242565262,-0.44399741437222,-0.113697942376447,-0.0649424581047116,0.253374890364762,1.69599235504086,4.59144285879337,1.32921114068127
"b_i[178]",-0.359168128446499,0.12991741497322,0.33207846913004,-1.18744284318313,-0.535195524124483,-0.230916512359301,-0.175935312064021,0.0492720110893558,6.53351203364229,1.26025818299226
"b_i[179]",0.2391586558883,0.145484632067962,0.397531048513651,-0.240310127013883,0.0241706924016459,0.0896873552445834,0.247618233883423,1.37953077377952,7.46634181263676,1.43300046017737
"b_i[180]",0.0263277969541838,0.123954760903311,0.233788372822065,-0.584177538352622,-0.0736147487889501,0.0677798780069195,0.20505192296457,0.347396510880442,3.55729099161293,1.29493416506154
"b_i[181]",0.252464222730637,0.302226893455101,0.399495552810837,-0.239952967084895,-0.0499060834390504,0.0710279809016722,0.5806581128788,1.06626644440995,1.74726060042114,1.66622496260778
"b_i[182]",0.129329755205976,0.0931250153997651,0.259850573377263,-0.519299036567709,-0.00578257386683616,0.212325992407829,0.263497901364576,0.582876366356967,7.78600438136648,1.15675009678806
"b_i[183]",0.17648832296668,0.1256039252393,0.396009508303434,-0.391658413013475,0.0201178774438028,0.0969599596179659,0.169621399118461,1.4752679407988,9.94042158517864,1.15560468073039
"b_i[184]",-0.178233247343705,0.0790986863847712,0.237546211870459,-0.828417704419417,-0.208090420458986,-0.144736215377754,-0.103022906867879,0.18171061212587,9.01898523835658,1.68547580540749
"b_i[185]",-0.226965644755391,0.151499589777693,0.339386922170951,-1.10882837626616,-0.369216874733605,-0.10691014086001,-0.000338860429079194,0.120081700561741,5.01842332305514,1.28909103979526
"b_i[186]",0.115082647592409,0.116984356313657,0.334112511269819,-0.271938303594217,-0.0729825055534121,0.0101398834627374,0.134325697600713,1.04892879393818,8.15698939663769,1.14454483151514
"b_i[187]",0.248583535912216,0.334641317431821,0.39912512446338,-0.204530071988081,-0.0828972510359486,0.0246458132592761,0.601163135412582,1.07333314548025,1.42252206421917,2.31904699728737
"b_i[188]",0.0593514046868363,0.0352976006447572,0.280468969245111,-0.589235684826743,-0.016917203120984,0.0440660766455321,0.236741976523717,0.67572726090611,63.1363202417887,1.03795705913333
"b_i[189]",-0.119298929688365,0.157252282823523,0.310707330941449,-0.865875316335518,-0.265361473359033,0.0249710773752704,0.0516789152296549,0.367139613336249,3.90399347352235,1.24240358257262
"b_i[190]",-0.361357878884276,0.57569852638354,0.77877375050535,-2.04570170191779,-1.12145641521638,0.124189300345138,0.206674927954415,0.262631426519837,1.82992113773127,2.64659519410065
"b_i[191]",-0.0272972869957232,0.126537009178392,0.49451095913767,-1.46919548507352,-0.0285450787020036,0.0576214616193837,0.128129154532554,0.970127196338762,15.2727312900119,1.08513272979394
"b_i[192]",0.00472641025548144,0.108505102952526,0.411331720453458,-0.966698824492064,-0.0279531010119482,0.000716948291000443,0.0565932265145592,0.953400966718644,14.3709036412336,1.00071240429201
"b_i[193]",0.410502879521044,0.286176376615711,0.502795796053815,-0.0808462369269724,0.0486242042497545,0.200876620325184,0.563429861217186,1.52711178645349,3.08685133773184,1.39705669488359
"b_i[194]",0.103505019155654,0.0914196049071231,0.430007106329598,-0.666477543820038,-0.0605749836676066,0.0262120954750081,0.16520154503747,1.19062988160396,22.1244552135928,1.16255979373257
"b_i[195]",0.378711432333154,0.101324421206356,0.317600234016949,-0.0159668714067524,0.196285344278995,0.317330718295514,0.413900449424279,1.26492224743783,9.82501821704673,1.43538448947681
"b_i[196]",-0.263287921185298,0.11982935405366,0.357282256927327,-1.11855146281388,-0.319174755845366,-0.232347976519302,-0.157055665240367,0.361049019707962,8.88989152706227,1.30674375938196
"b_i[197]",-0.213703176840769,0.134061955205044,0.365620220823377,-1.41330380281582,-0.24094087492234,-0.0637950063048367,-0.0320387631573598,0.12335837770388,7.43788253291302,1.25607735565854
"b_i[198]",-0.191043709360589,0.144754363840315,0.340950034593444,-1.10484655138657,-0.252529491530292,-0.109331228340895,0.0355194767738116,0.241864037305724,5.54776616532551,1.5645058785431
"b_i[199]",-0.0169673171825965,0.0579121909870349,0.391981639815694,-1.16025047798797,-0.0651407012330752,-0.0091887814764861,0.0555850349142778,0.846282386381865,45.8132876882297,1.00680388035429
"b_i[200]",0.153186905060226,0.0603259306768356,0.251874293888301,-0.280915876399399,0.0505024911616805,0.087807504419515,0.150664949078374,0.889690941537166,17.4324982607061,1.35065760638536
"b_i[201]",0.0362070393106452,0.213124593716336,0.348028178980837,-0.458059366690523,-0.213934679138372,-0.0210207867446045,0.215734941168086,0.923559269227922,2.66662337290396,1.389792110739
"b_i[202]",0.128901904797165,0.124638199073354,0.35845085933681,-0.746203178845247,0.00177301800261752,0.176610455172428,0.317816691729639,0.88503403643577,8.27097906311709,1.30407275069206
"b_i[203]",-0.131941290140939,0.163220913974412,0.467841966203751,-1.47212917130554,-0.17049916520893,0.0442786671715761,0.102271251295911,0.447522871484806,8.21574103335734,1.38681334905413
"b_i[204]",0.317704389334148,0.172359725955324,0.26877516809942,0.020796569336243,0.131067490172673,0.166849679903465,0.4978448156073,0.900823668842849,2.4316815210567,3.19669558839326
"b_i[205]",-0.264799264953087,0.300783721333695,0.40247025037602,-1.27070101393504,-0.50548411447163,-0.0901736947625404,-0.0122465616752059,0.238710900899356,1.79043645300567,1.63350736655411
"b_i[206]",0.0373554568821176,0.0483731860479327,0.327153786653642,-0.82728795391457,0.00553079785298804,0.0805606505377679,0.197548785078089,0.616621403937124,45.739826983543,1.15838535928835
"b_i[207]",0.16311427066464,0.0265592563634339,0.164697955927648,-0.122565250945519,0.0956420086864474,0.138515153573745,0.206845485239289,0.579200809734201,38.4542722166295,1.10038387885162
"b_i[208]",0.23768321693939,0.147377110869859,0.371873189192941,-0.191365816862342,0.00312458473846635,0.130312667924323,0.355525113140295,1.19041641370755,6.36692390841433,1.26944991658177
"b_i[209]",-0.041087290264375,0.070318687515868,0.284771383645151,-0.546498337697127,-0.155982946355999,-0.0872373724938953,0.00328198423342818,0.77775023919682,16.4002768195022,1.11244820358331
"b_i[210]",-0.146915171885789,0.0312117497161889,0.280442815279714,-0.833681816676644,-0.19750790325077,-0.157095311445376,-0.0582219317278826,0.472994670388683,80.7332442794441,1.00536791268473
"b_i[211]",-0.341614023862422,0.272313659572764,0.475441869252184,-1.69980220604453,-0.52999313906213,-0.0911484210965235,-0.0631428102038583,-0.00367777346335314,3.04828799872098,1.71607373314435
"b_i[212]",0.106134655260376,0.042005380058817,0.29148280053222,-0.560747999892379,0.0498430328878827,0.0896960366805535,0.150537598562565,0.781406635256705,48.152188456593,1.01098287597267
"b_i[213]",-0.0619243857332858,0.092358121615886,0.371924093317552,-0.970257891069625,-0.136647944090169,0.0536717346360003,0.0646610781869833,0.784058801716763,16.2165491483332,1.08703798568715
"b_i[214]",0.26696198904472,0.366747308612878,0.451049781823724,-0.331014693595538,-0.0682991049528757,0.0434894446271073,0.586159094572243,1.38228837503108,1.51256860981533,2.17611103118976
"b_i[215]",-0.0676417850743053,0.156164095320518,0.53371314328767,-1.23866651761961,-0.0819471814944248,-0.049807673059547,-0.004872213580514,1.18129971622461,11.6802843785759,1.0134788389693
"b_i[216]",-0.0353888621094202,0.0797686869584189,0.411678622726364,-1.17117985477662,-0.136772714875352,0.0911523248617332,0.124056117436053,0.739734807835524,26.6349413712849,1.09165585407206
"b_i[217]",-0.52066997091659,0.57315455148246,0.808384280103149,-2.54703123325446,-1.2266589792488,-0.0305743449914097,0.0381921487599822,0.157425951176185,1.9892631064568,1.99664332664861
"b_i[218]",0.196181889026127,0.15992010875268,0.406169383391698,-0.212982399928556,-0.0534082008530796,0.0352376843737613,0.299480472477397,1.39030387825841,6.45072034306769,1.24457302883567
"b_i[219]",0.074790359713928,0.0730677811263208,0.415999399712985,-0.860437304429492,-0.00392910312005342,0.0757512708630573,0.136327207867331,1.15692836754069,32.4140702874978,1.00514131687885
"b_i[220]",0.0963294962603901,0.109829521477457,0.401853313735229,-0.507305177906092,-0.0499898679603556,-0.013485385382486,0.105855263098026,1.25202536926398,13.3874211233534,1.08777371532603
"b_i[221]",0.203966544383281,0.277161084559999,0.391956171411874,-0.121605928069552,-0.0817471108267707,-0.0184140606267188,0.381268047661805,1.11406637537548,1.9999102650791,1.54583175826443
"b_i[222]",0.25279252114013,0.492971610606484,0.664176282001564,-0.309045001530184,-0.222250167116974,-0.150173185002701,0.551754262153415,1.89111478891392,1.81519340914421,2.59013088718215
"b_i[223]",0.165288303424468,0.262975338373449,0.4822637588907,-0.262675172828939,-0.110189448594855,-0.0673667493267216,0.274777570928178,1.51982669456401,3.36309556625081,2.13555878208186
"b_i[224]",-0.0911884396024874,0.155955517203758,0.538364418090811,-0.938567665205829,-0.340382596383446,-0.215060867336155,-0.00880710511620338,1.45211097472417,11.9165684072747,1.19322412751643
"b_i[225]",0.0532622802151031,0.0533352216690151,0.410688686527914,-0.997865382059501,0.0011802505862514,0.0588195256789778,0.161198903547804,0.968864623710536,59.2921596997894,1.01718251157558
"b_i[226]",-0.0234581659224856,0.048402329679731,0.1824172425784,-0.388710225783661,-0.13723383228397,-0.0277015080679525,0.0924335939755076,0.355119143131282,14.2036264643945,1.0917549108054
"b_i[227]",-0.19738721325868,0.183794340515508,0.608725872490168,-2.06944852815839,-0.11348215436544,-0.0621480437087699,0.0281560254354322,0.673782199998005,10.9693085617198,1.38203946091751
"b_i[228]",-0.0143940137654508,0.0914238001567376,0.371681695487518,-0.901065494299579,-0.149910891207663,0.0879348910854783,0.14577139383658,0.776939349454606,16.5281333602838,1.10288653835188
"b_i[229]",0.00912745042615294,0.106448540203121,0.336318984223294,-0.875034696438461,-0.114592463888646,0.0302112525947056,0.139103069441032,0.813784004883383,9.98213284328719,1.04087276926111
"b_i[230]",0.649279348243766,0.711499551050186,0.915132162438962,-0.0846751988184606,-0.0330621814181123,0.0106659087079597,1.50876894179181,2.48776606727323,1.65431564582989,3.61079336508133
"b_i[231]",-0.0601919223888743,0.235555053569771,0.38271461157543,-1.1532580472667,-0.190483479596214,0.00468001216926103,0.228124670645171,0.384034681617618,2.63976480813312,1.4224042583892
"b_i[232]",-0.254333887460232,0.364281277168556,0.513405714905811,-1.50730437023605,-0.604134958349071,-0.0231704132219345,0.0945488571757834,0.379103884833235,1.98631305143654,1.55327478164847
"b_i[233]",-0.118906118105519,0.113947541192111,0.400478812502866,-1.26028853583048,-0.254297564224923,-0.177080399754515,0.0611126898479511,0.688875527563493,12.3523381615934,1.22685081547211
"b_i[234]",-0.0937729105801446,0.197918391843413,0.459092368698992,-1.21319854898091,-0.171174842667123,0.0872625294531387,0.114384781374541,0.725998070919034,5.3805644819761,1.28070919742911
"b_i[235]",0.175697765587864,0.0863076671061637,0.476977299613781,-0.782995804739342,0.0523376468690752,0.0873509585237519,0.154161451613426,1.53240677974161,30.5419432198758,1.0765640778747
"b_i[236]",0.154946381061499,0.126462335199805,0.452492476854865,-0.793907105348481,0.0711455060420093,0.0962898856300312,0.156176411670801,1.42407967942143,12.8026635328276,1.04890280277096
"b_i[237]",0.255296476462449,0.208829201114181,0.39334828019766,-0.268586236177732,0.0240529684571712,0.121564946880903,0.410811550186701,1.27735069493115,3.54790561054,1.47046430243362
"b_i[238]",-0.307824500868575,0.188203354627239,0.478916820796845,-1.71359482601979,-0.266445036685832,-0.171276895249044,-0.0694946341006482,0.31426745371942,6.47538300713708,1.47219650090254
"b_i[239]",-0.014685016543521,0.101674137614838,0.500789349281243,-1.07875529101927,-0.19022510166759,-0.0155580303524854,0.0986212242118193,1.29638190574404,24.2599092879819,1.03288349226753
"b_i[240]",0.287180504818165,0.158868893922677,0.439052011736639,-0.605808310380686,-0.00334768418813844,0.347799636062245,0.478684777570299,1.2849262026067,7.63755233254559,1.32758428316803
"b_i[241]",0.0176475908223609,0.082698860613916,0.497747609886026,-1.05760299589685,-0.0402503279201812,-0.0214915346785069,0.0415358936974177,1.16549444071133,36.2259108817778,1.03418934017123
"b_i[242]",-0.388039809164263,0.414899960817129,0.600152395737893,-1.74215038718062,-0.814452349006697,-0.0775681319095594,0.0471833258430815,0.15342060354732,2.09235947774046,1.91894028624463
"b_i[243]",0.124422423474968,0.0472509383620403,0.221234120071491,-0.460676553203198,0.0308784257989071,0.161370119592836,0.217299296464021,0.5940517910904,21.9221598106738,1.1333388265587
"b_i[244]",-0.000839545846119642,0.116746843979914,0.412564514135811,-1.1402987289719,-0.03833768024362,-0.0236904509035976,0.024918507510542,0.86804505760579,12.4880158835628,1.10735417384314
"b_i[245]",-0.026104671219705,0.250520202945754,0.492206223941684,-1.44435386168279,-0.0372919789135043,0.161838677224349,0.267250071226503,0.384778298354662,3.86019009834337,1.38143880085656
"b_i[246]",0.105474919079975,0.160811098162291,0.565227836899657,-1.58872653794706,0.00583799441154152,0.187309229527425,0.260822327591023,1.41404391382841,12.3542119863314,1.04583228388071
"b_i[247]",-0.11123436375919,0.194840528799773,0.441886104269394,-1.24204982909414,-0.190253175528877,0.037406617787358,0.0558809915019332,0.719671695956283,5.1435396305492,1.96354144096542
"b_i[248]",-0.142733320242738,0.0513704079417979,0.30344345913712,-0.797919870551551,-0.2332973866682,-0.182060471353671,-0.0125108217402538,0.619053571493167,34.8922947044332,1.02637865653513
"b_i[249]",-0.140322107943244,0.0316265830689092,0.0972681424644224,-0.311282636660293,-0.200120546785431,-0.152932438243677,-0.106704980338559,0.0910752204099827,9.45881426637817,1.15093004853133
"b_i[250]",-0.0835639192899291,0.050139492945597,0.252711981994765,-0.820034928097742,-0.0941888614215823,-0.00322848468036276,0.0139661778991938,0.301243947955925,25.4033968288337,1.10833631256016
"b_i[251]",0.280054672568788,0.166575541794919,0.394310404729693,-0.154276428065761,0.0680746059725735,0.136922861127709,0.323818613648292,1.36891895089084,5.6034306977956,1.56537408495157
"b_i[252]",-0.136395872621712,0.144493961264101,0.361288292432169,-1.10741310082639,-0.220408103727572,-0.00224460811235843,0.0488914743272466,0.157056673111656,6.2518475933812,1.22822838163556
"b_i[253]",-0.26044545573244,0.375179767321078,0.479987044842207,-1.22631666097255,-0.67726237787643,0.00514617909514268,0.108824901720995,0.206414329876612,1.63674194337483,3.20512728142286
"b_i[254]",0.191079200030138,0.107994116031568,0.30676970050654,-0.505958483331194,0.0433379809149844,0.21290533996401,0.300189996813106,0.851866962983388,8.0690932939127,1.37853322453213
"b_i[255]",-0.313887471658643,0.484679014774944,0.670286425489611,-1.91257791481224,-0.713021463964298,0.10125514874686,0.160499797373476,0.229678485923246,1.91254831715312,2.68497783410096
"b_i[256]",0.455604680053406,0.376188310292806,0.517301737499292,0.018559892350979,0.061808991598431,0.136209063578173,0.886450834584789,1.537182570916,1.89093796746099,2.60031774600143
"b_i[257]",0.0999178934513416,0.0523327997929076,0.354397780353649,-0.656107974391195,-0.0390331273452079,0.127607931517908,0.201613102028409,1.00741754302683,45.8599995687065,1.03322411675139
"b_i[258]",-0.0247531677192736,0.113927976642099,0.371050108172802,-0.964801279620125,-0.0417328151741314,0.0938664392817864,0.141798517234671,0.640738254239773,10.6072878946946,1.15795212498289
"b_i[259]",-0.116312182728043,0.0893041186397784,0.379433741477911,-1.27838037851466,-0.146262332754372,-0.00230252884621113,0.0574802342270209,0.435822886539104,18.0521494041641,1.1959614651497
"b_i[260]",-0.164699305975877,0.295832904482309,0.752208171450509,-2.41073674889575,-0.00933911304609444,0.08997920599334,0.137813785999756,0.674864799573555,6.46521748914861,1.64002902407988
"b_i[261]",0.0713966695261105,0.133228146755197,0.305300863836048,-0.733266084222463,-0.0189497825929103,0.152801134128735,0.224801030733213,0.566964845411467,5.25126690583159,1.18572041911624
"b_i[262]",-0.314213166037278,0.245342196700355,0.344286506064867,-0.984191214534193,-0.608398733587451,-0.133560319899908,-0.0536321043451892,0.0134919241868061,1.96922573952779,2.23720116834865
"b_i[263]",-0.128982321602089,0.065161823964827,0.34036464116445,-0.998889184313416,-0.263286686176247,-0.0974064748813244,-0.00696333277998708,0.631730146038608,27.2836462162242,1.09531124800203
"b_i[264]",-0.170209908875205,0.0937769854715393,0.322845014827783,-1.04966591323364,-0.289546936643341,-0.122274265236062,0.0395994328035314,0.409896202896145,11.8521089084393,1.11726830761883
"b_i[265]",0.0629865071909083,0.0498045456438133,0.221292226194664,-0.396270448021428,-0.0515425187732367,0.0797610969923825,0.167648584547698,0.585454754762015,19.7421456050557,1.15296107891875
"b_i[266]",0.0905139202900948,0.0636281655598694,0.353277938241031,-0.713829570689039,0.00158307451146769,0.0797979616340062,0.099265543232303,1.03606474074038,30.8272106034405,1.05674943109635
"b_i[267]",-0.235612232177059,0.123732205493041,0.427130878962838,-1.31741860383451,-0.339703248215105,-0.145283130346717,-0.0946438800822849,0.621162853458393,11.916711640836,1.10785824980433
"b_i[268]",0.0248782554146176,0.133586543134436,0.423801213094996,-0.7506276760639,-0.13087023833633,-0.093525059009906,0.114438296862245,1.34414125289442,10.0646567434517,1.10131610999307
"b_i[269]",0.00743170330421773,0.0712346900657238,0.291260286455636,-0.756396120116502,-0.0420951949312656,0.0601886741076057,0.0932345443769314,0.655409267547648,16.7178131316326,1.11094899311068
"b_i[270]",-0.0295316481342664,0.0514192612965237,0.299126702235061,-0.692863284412336,-0.150024350768677,-0.0760279985058985,0.0520238302407454,0.739621852338145,33.8422087342022,1.05262951920833
"b_i[271]",-0.00753117404157543,0.210356066720838,0.282383384908181,-0.311433568541162,-0.219150533083126,-0.180115079592702,0.182677247556065,0.638953926946699,1.80205564043869,1.70535686816615
"b_i[272]",-0.455605629564679,0.407588781283204,0.696216372319265,-2.18317343629695,-0.731770291948725,-0.0815987864999533,-0.0311141072239323,0.132541411932245,2.91772274253296,1.94628414038039
"b_i[273]",0.0150228257603324,0.221812595874527,0.364409590540634,-0.860154843092511,-0.173808507225131,0.190289166761663,0.241582824165459,0.56019115137932,2.69902674236457,1.33785572594951
"b_i[274]",-0.601113046475425,0.454143157100181,0.786579703798421,-2.4577533293706,-1.26460008146211,-0.197844135154909,-0.0377568636337036,0.0734908537177757,2.99985264686785,2.5545742205177
"b_i[275]",-0.227704455684318,0.208661180280613,0.526346717274459,-1.63449765782525,-0.239507538856054,-0.0509852521718622,0.0663232568307703,0.320240427896933,6.36297941290326,1.27431226360384
"b_i[276]",0.177193496251334,0.183609568892157,0.292643570000524,-0.0349253565674987,-0.010753376065915,0.015067963155045,0.272836937685376,0.904694511940054,2.54031370107273,1.94873426800151
"b_i[277]",0.118384113105825,0.0867052813286473,0.222267748436168,-0.179312455993422,-0.0408795190967143,0.0732139484177751,0.170939254010983,0.696714936906703,6.57145891256326,1.73114784320879
"b_i[278]",0.092287425955059,0.122118041791206,0.516072538472392,-1.10135564756905,-0.0886392579711161,0.0236249855297322,0.153822228381896,1.31017948452226,17.8591932353511,1.06071433687135
"b_i[279]",0.42456629697414,0.308866408085184,0.502272234678494,-0.162489714200131,0.0725226541418687,0.251477175342388,0.659008281491121,1.56236432593954,2.64445990955163,2.71946644634473
"b_i[280]",0.199282851016861,0.257770530457277,0.514671997936249,-0.370242538858781,-0.129944591618221,0.0639240688468306,0.227440178131604,1.54736970520942,3.98652552758388,2.13820284336647
"b_i[281]",0.580678276655003,0.728743547460985,0.927948950399908,-0.152652810515622,-0.113177581850315,-0.0772091333498725,1.50711650701515,2.51223861258945,1.62143194440087,2.15856351212126
"b_i[282]",0.41822661035722,0.34233234402285,0.595586971128744,-0.0187650035206931,0.0642993118338482,0.147401153377068,0.511933147916668,2.13139772768525,3.02687516300989,1.64278212573854
"b_i[283]",-0.0516682524107749,0.0411246899526964,0.302073662691369,-0.849236314582897,-0.047906738724409,-0.00396512659364594,0.0268754412360514,0.538527487315182,53.9536026923597,1.03872109861482
"b_i[284]",0.193266727340822,0.130663464743658,0.425802414808131,-0.386339960496078,-0.0415686419446552,0.0459009990280155,0.218488678541125,1.30220809298427,10.6195936749624,1.35822781876888
"b_i[285]",-0.0333675211857581,0.159114192146067,0.309493053979419,-0.371690166009543,-0.213741043479283,-0.12474681718324,0.0104343655651674,0.845799858440484,3.78341495950816,1.3429199604598
"b_i[286]",-0.0859227061896792,0.0704322158463857,0.401824926398675,-0.855140048262426,-0.16827099157495,-0.0834202153557028,-0.00958612469041753,1.13502317882598,32.5485048835592,1.01023392465823
"b_i[287]",0.149104657742714,0.388642077584693,0.451636694626754,-0.465148572740604,-0.212121615539724,-0.0226273313975548,0.483559494032466,1.16371242493178,1.35045091166791,2.24585194584399
"b_i[288]",0.165204326727134,0.142625925371296,0.424060888623663,-0.457932514868278,0.0199867366575353,0.0448496950862551,0.0809828562306469,1.40291128970653,8.84014701993318,1.42969828388734
"b_i[289]",-0.22857896308052,0.337814174597431,0.383467922468641,-0.866537227294035,-0.690933300355212,0.00165024407023693,0.0970182754267223,0.153285526590555,1.2885531713145,3.00335398463443
"b_i[290]",0.124908184653217,0.182737789956473,0.54997014018167,-0.453763985382565,-0.12253440686451,-0.0817437205510046,0.111640035366255,1.67494833508766,9.05777409689121,1.30812994079727
"b_i[291]",0.040886143818751,0.330059680214412,0.422445060318971,-1.01327216551653,-0.0792763550771092,0.246791992507527,0.362008940519054,0.455842627261488,1.63815700535132,2.70144180275687
"b_i[292]",-0.0689722606180119,0.0799159847570419,0.397425968236473,-1.11737461619335,-0.0778019440635404,-0.0601630652071364,0.00458609983767621,0.794885276791624,24.7311989519054,1.09535728421764
"b_i[293]",0.227464870546162,0.104554052838034,0.268836188684067,0.00545563408285355,0.0703770230234696,0.148873749043576,0.229657943093557,1.15949752879021,6.61140429111251,1.49310478201189
"b_i[294]",-0.286548450472571,0.375166579004022,0.49220674132096,-1.3884021956599,-0.74728315006957,0.0291560269731557,0.0732558418496305,0.10325367120335,1.72126139685265,2.53008171760218
"b_i[295]",0.0611878100521094,0.0716823475180864,0.401984961437178,-0.738906253618607,-0.00114796203885878,0.0553198372112356,0.101966350188117,1.29853054513437,31.4481551267959,1.04337408000093
"b_i[296]",0.0917226775166749,0.0955131128352112,0.344364788993843,-1.06179801016165,0.0210889254418612,0.157804811247555,0.206045486235084,0.703296744407454,12.9990459563342,1.04974444706305
"b_i[297]",-0.296503308041059,0.209763713638022,0.490473404478748,-1.6568624799473,-0.326973627655091,-0.0827329151431996,-0.0644470028414717,0.140917001649232,5.46726594595126,1.72934789158289
"b_i[298]",0.294774031543952,0.201779610486488,0.359967159274119,0.00752113999816795,0.0609039781396093,0.105461065092523,0.563872673125993,1.14467284328463,3.18252044912045,2.80609892922136
"b_i[299]",-0.0693137520366315,0.0938689364481848,0.327301003308569,-0.669729463161397,-0.226378609212117,-0.133641705959964,0.0168414313854397,0.779449197597947,12.1576847718106,1.15743459870531
"b_i[300]",0.385135085294109,0.555019470765601,0.835102283203234,-0.329388579505737,-0.183256417665866,-0.0270270783281005,0.774199861932995,2.50135163701563,2.26392952930197,2.55135131183192
"b_i[301]",0.121253869758924,0.0612619324503515,0.277409929236446,-0.40781517380547,0.0621772264998606,0.0776442663865995,0.10500381530229,0.866375298805999,20.5051343402756,1.09375998966383
"b_i[302]",-0.110511089110698,0.0905081084339866,0.334463315686695,-0.779533689009535,-0.269078100804804,-0.197412017549297,0.0133920819809236,0.76943993143798,13.6559527247029,1.10825435135009
"b_i[303]",0.0755324573271058,0.198383808379824,0.457658762028434,-0.519251545166192,-0.14749571393666,-0.0978971418479717,0.13862771476344,1.31953480881592,5.3219540025315,1.40794543700802
"b_i[304]",-0.094026392027949,0.322600599424883,0.430488148662174,-1.038718275221,-0.418969079270905,0.14847740449465,0.24243532157545,0.326273977535018,1.78070533406363,1.65998472273522
"b_i[305]",0.17871504865362,0.058704421425167,0.294110501391374,-0.355971838527964,0.0600053984465937,0.102779037096853,0.189096666311507,0.970750952107749,25.1003304348567,1.06017084733618
"b_i[306]",0.0476373385898399,0.0697754776001426,0.239526116863557,-0.488122648202801,-0.0373198780718241,0.0599769029008656,0.183170155121673,0.504572598454813,11.7842002003851,1.10360568171066
"b_i[307]",0.102846334312679,0.375505691762902,0.524892970824185,-0.363724795324432,-0.257227235187544,-0.145795276188808,0.277733168976361,1.49147798231385,1.95392758996256,2.10330232383407
"b_i[308]",0.313493868077369,0.295454989513526,0.475211684980471,-0.184228857393552,-0.0111759258485497,0.0579934863103325,0.603530169892062,1.45639403898447,2.58697102708884,1.75933063294555
"b_i[309]",-0.0835286008347858,0.0590667302591392,0.445335271814022,-1.39351536656604,-0.125031461881753,0.0309166448928466,0.0855805324736387,0.687289691757796,56.8444837792543,1.08627358307473
"b_i[310]",0.192980086307162,0.234759875615447,0.40106189924197,-0.242044640834114,-0.0549295892658632,-0.0277386364745677,0.430850494160634,1.17818301142742,2.91860331036387,1.39244125064476
"b_i[311]",-0.0201591068899733,0.0927505464726673,0.459861969481571,-1.25510859340105,-0.0176642332367953,-0.00322322745143031,0.0354984820134802,0.979481902543454,24.5822729037323,1.08694994581412
"b_i[312]",0.0890537476069719,0.0383944491011578,0.21206552740409,-0.365777166283698,0.0565104785095532,0.0815639155995653,0.102969300763746,0.606274892179909,30.5072648760991,1.04920107858782
"b_i[313]",0.0492428820196098,0.155784970301189,0.517144111058589,-1.30068262988123,-0.0204215756431908,0.00409708866765247,0.0748494506596604,1.19036524967222,11.0197579530908,1.06276527613396
"b_i[314]",-0.060679306286227,0.248830994041904,0.365890141024391,-0.525054645022615,-0.359505096488175,-0.147578919071534,0.158614281818169,0.753525476909268,2.16218308751273,1.48648134326465
"b_i[315]",-0.142130680843641,0.0704866846692046,0.451702640656169,-1.32171076387163,-0.12063142289576,-0.0892412317037014,-0.0538464918536315,0.912030310203927,41.0668215234375,1.01125370380745
"b_i[316]",-0.417758029809907,0.457655090374318,0.588518615616913,-1.71238595678477,-0.993875813334774,0.00767761847441375,0.0439483240515882,0.0547845454466486,1.65365083640812,2.8315346283109
"b_i[317]",-0.160415389436901,0.133407860200311,0.385956453826822,-1.30728309847133,-0.182464951312983,-0.0669555210251377,0.0422025364825711,0.300776866790069,8.36977490264101,1.2185698709896
"b_i[318]",-0.00465829086476276,0.370084495253012,0.459888307457865,-1.15020196844743,-0.260773097372799,0.206487102878492,0.372271923213802,0.464824617791428,1.54419788927784,2.11936098760534
"b_i[319]",0.0292435289242842,0.129371778656758,0.3504711297138,-0.430559207077506,-0.149331881871649,-0.0946525356624147,0.119613510560575,0.955792579892739,7.33880585666605,1.25021972310512
"b_i[320]",0.0368751476364766,0.0642384950530137,0.29297465553056,-0.588406173134006,-0.0831647289751795,0.00309749245001646,0.0819708504899861,0.842528771523616,20.8002899377103,1.04247875355149
"b_i[321]",-0.121536329687649,0.174797132014717,0.404790218736697,-0.61780742085991,-0.304771758451395,-0.256264541822853,-0.0427940173055141,1.05875661658724,5.36279769679004,1.56773604950946
"b_i[322]",0.0676985010910671,0.0720538312025389,0.311426155356915,-0.687912265612075,0.000192941459698904,0.0605275518097076,0.106142127971728,0.701798472498392,18.6808233211158,1.13100022191132
"b_i[323]",-0.250740948819539,0.345581272235598,0.456570066560713,-1.31847277498365,-0.568864367385901,-0.0250777498221526,0.0868597105088953,0.243766976949063,1.74547837195443,1.80127756948294
"b_i[324]",-0.407152286492136,0.401468238759369,0.610227033544,-1.86598203258188,-0.803828237090475,-0.0866589384785643,0.00436006918947391,0.157248955131469,2.31036449126136,1.75577052831938
"b_i[325]",-0.110879466220791,0.175596883849982,0.337466994238945,-0.965516421985821,-0.263315369658629,0.00912917547567456,0.0935443817475026,0.298182660218391,3.69342255827349,1.31711465642331
"b_i[326]",0.165169153300717,0.152672732896252,0.360715622801716,-0.122432330133227,0.00290416134559109,0.0372435237924647,0.103041498710726,1.43004745437956,5.58221995838045,1.30794054550895
"b_i[327]",-0.000298122176958935,0.102838171085913,0.378071252548748,-0.810046495236697,-0.143201666927723,-0.0397727427142135,0.0810885895796392,0.943369849919499,13.5157024909679,1.19372339609687
"b_i[328]",-0.201692107407101,0.190042021542113,0.387175227585725,-1.16825347245414,-0.200389715803464,-0.0268171792533844,0.0296935467629587,0.20571008434169,4.15064740213443,2.66197123528455
"b_i[329]",0.414687622034041,0.112187030095337,0.343649584606664,-0.0478742245835707,0.210560954999617,0.329419593238082,0.523739503167127,1.43384169376667,9.38309998645117,1.40161071571635
"b_i[330]",-0.124027702158953,0.189152804160856,0.374204765599755,-1.01753217383098,-0.371987566563846,-0.00413881954012364,0.116911272095359,0.468562683876227,3.91374981473439,1.35264012244836
"b_i[331]",-0.328871299806916,0.0551939426959083,0.377676156759435,-1.44428297902137,-0.408337208985128,-0.303486214860685,-0.203027026217207,0.260459692843722,46.8226834008725,1.1106888048658
"b_i[332]",0.127029515488511,0.313701807075571,0.496804482334854,-0.293301569632013,-0.179284618997497,-0.113054741836254,0.282194210169756,1.6052559382579,2.50805450397129,1.82021129980437
"b_i[333]",-0.379482594630784,0.36709159798782,0.538854970372156,-1.70583741045499,-0.843762265645423,-0.0775645502748426,-0.00601888250095246,0.0570948389189877,2.15474011641362,2.36494517850236
"b_i[334]",-0.0572121523021859,0.0643006316111327,0.318495828780427,-0.952667987048961,-0.137932856054074,-0.00775973715649616,0.0976795230309767,0.500500069126609,24.5344891684727,1.13843389048958
"b_i[335]",0.317819841374184,0.278350849666879,0.495972515971775,-0.24079466128456,0.00654807731456023,0.134672105000342,0.502887732092043,1.6942173484817,3.1749005004415,1.52686693807187
"b_i[336]",-0.209990471889733,0.0889252337777694,0.441039736123204,-1.5732118862407,-0.242296154604444,-0.138808874483721,-0.0303208576664593,0.478041581775726,24.5983177984898,1.13969539828455
"b_i[337]",-0.103777312122039,0.134253073682216,0.438273667509954,-1.32137013512301,-0.163317392505058,0.0180918643968837,0.123390321436994,0.51544641599213,10.6571795074046,1.18169872585265
"b_i[338]",0.024427271352965,0.058565588547979,0.19707364050313,-0.450463680080852,-0.0346953824032029,0.0350116185928207,0.126801713569611,0.37895171818816,11.3232749921027,1.02478326518826
"b_i[339]",0.221480715222171,0.199114893598674,0.437522737324228,-0.192231900708612,-0.0239371189710361,0.0291108181555109,0.184682700920385,1.41379081505355,4.82829462291381,2.00067084589083
"b_i[340]",-0.274256263567033,0.0879677235559195,0.429760663186634,-1.32654777974512,-0.402213997417776,-0.289540739114585,-0.143123287710946,0.766604366377789,23.8674826540289,1.05048768465182
"b_i[341]",0.303095353491138,0.260846200534164,0.546240002953682,-0.192170398795254,0.0230258120494076,0.0577890869065637,0.342776133678976,1.85100878940461,4.38528651167018,1.86347120643711
"b_i[342]",-0.175268484029194,0.0937781044086046,0.242036522481182,-0.786071590695899,-0.298065187897764,-0.227875609117294,-0.0134886481038664,0.351468831043658,6.66129871409911,1.20101421336992
"b_i[343]",-0.379971923456452,0.391036720785238,0.713785688829712,-2.28950945138808,-0.686300620750352,-0.0367104949910872,0.0605480673599477,0.203870333685256,3.33196620571777,2.10217030340443
"b_i[344]",-0.214100458063505,0.379695784338772,0.43655660273529,-1.14595208494107,-0.616275800343402,0.0250964317651693,0.168434828210545,0.258243461432646,1.32193338787224,2.97380201531923
"b_i[345]",0.268732481443779,0.0749922593042642,0.40946540660536,-0.45359480502579,0.141572712479456,0.244692977697454,0.313073725074113,1.29771716231868,29.8127169948197,1.10891729512439
"b_i[346]",0.179299017032969,0.163819517869202,0.401912508263174,-0.325808554216754,-0.0333742556864273,0.0459318706365675,0.198583865194507,1.26116292406679,6.01910276304203,1.47611479438995
"b_i[347]",-0.0361584852918737,0.0989112233780965,0.352837727016862,-1.04716641804771,-0.0730826604883958,0.0101051760386072,0.114894287768304,0.678149067352297,12.7250320393504,1.14993002279076
"b_i[348]",-0.442525496782129,0.283624303362038,0.545177027219011,-1.94484606797671,-0.788357537612799,-0.170029185801315,-0.0828891097289485,0.0504090005092125,3.69477681693513,2.35861799570592
"b_i[349]",-0.258229460894572,0.259820565868352,0.45097329643147,-1.54144124101354,-0.397199023917416,-0.0120810804396533,0.00659719714060425,0.0530631525435114,3.01269110198184,1.33009644849271
"b_i[350]",-0.076512377189403,0.0884913713446042,0.286546659034409,-0.820617048272454,-0.228846963372769,-0.0123250592548225,0.117081862753325,0.372764426424528,10.4854928306371,1.23374701414815
"b_i[351]",0.177138851280595,0.321404211823216,0.493608637497393,-0.186630121819618,-0.120654649519564,-0.0898220578801521,0.343800206124346,1.47358335733282,2.3586438809845,1.54716305409872
"b_i[352]",-0.175404759501933,0.179387154208405,0.286398620765239,-0.929054411307146,-0.300102628635359,-0.0548815480249869,0.03629727405512,0.133309437274909,2.54893736542919,1.40814813143315
"b_i[353]",-0.0319166097847744,0.170480864548514,0.37501420433956,-1.11692608915075,0.00742372629731102,0.0980174063629282,0.187372566583269,0.2805366949727,4.83887225739106,1.58694814664814
"b_i[354]",0.0819639707354733,0.174855144148008,0.270450159370394,-0.641624728772625,0.00220005853626163,0.192382436966125,0.251269129857,0.3841321113018,2.39231110521692,2.45094738641879
"b_i[355]",-0.579516904333422,0.583683264699223,0.805514481216408,-2.38960487710982,-1.20563146093174,-0.084686052195478,0.0216493319279996,0.126723971635476,1.90454931262269,2.67319974910774
"b_i[356]",-0.0141516273857769,0.077819970319083,0.307486357491905,-0.657357017583081,-0.151893082668308,-0.0771434982651817,0.103980423283561,0.675384704194396,15.6123968487079,1.15469229759202
"b_i[357]",0.0911308681633112,0.166929160522978,0.415093726156904,-0.458665197427102,-0.110228823139582,-0.0567614504200205,0.0849623232687036,1.33959783600185,6.18340823573921,1.49879735263099
"b_i[358]",0.0476508916159684,0.0666618325698662,0.271547173825983,-0.547415990029313,-0.0322729145467529,0.0307267847205891,0.124567657900036,0.683681602852866,16.5934265525571,1.03511680681649
"b_i[359]",0.304598473768334,0.360981290194476,0.588535101198877,-0.148677962623481,-0.0830955337189055,-0.00769166653586563,0.588452626230276,2.0978617677755,2.6581247200083,1.50750230586269
"b_i[360]",0.146286512087346,0.0397753786939608,0.29453567213345,-0.4772217528179,0.0279510809160357,0.148144074707425,0.244510767208705,0.878582251820883,54.8336500178673,1.02456766040731
"b_i[361]",-0.0114371653238127,0.0624477807766817,0.375186619814848,-0.617411628948497,-0.141908188966606,-0.0488479114616035,0.0205526278669031,1.08089533141722,36.0961319055526,1.06068419628285
"b_i[362]",0.270342875722796,0.29923084515737,0.482103136576322,-0.176006685414686,-0.0285064465544602,-0.00710283438344575,0.50999673690268,1.44854720551097,2.5957758977683,1.80163497754992
"b_i[363]",-0.155419839323205,0.0722920332356445,0.278363817553251,-1.09233389493766,-0.147239854275848,-0.0691997853032272,-0.0223400512159802,0.152498361579349,14.8267064311511,1.12507907024611
"b_i[364]",-0.168326208475046,0.39033198045464,0.491160997420349,-1.3660159774154,-0.528017151927093,0.0491498047384899,0.232648921638104,0.30000572994253,1.58335929191313,1.97100275431333
"b_i[365]",-0.120378571405996,0.115335771266196,0.359303318721784,-1.10227847825831,-0.268708311899312,-0.00521046937780473,0.080149730570426,0.3555872566585,9.70497472987538,1.25200280194917
"b_i[366]",0.000238463911237556,0.11139202390531,0.371854604383676,-0.793284699123076,-0.189886126974113,0.0857731786443378,0.150102176763469,0.972378369826766,11.1439238860263,1.38231576932861
"b_i[367]",-0.18304724212514,0.254013292790827,0.484353195783993,-1.38716799846854,-0.317967635321036,0.0564760458012331,0.0818820633546801,0.35316948506115,3.63589598505291,2.57695527301948
"b_i[368]",0.0714475654844714,0.0789388978984222,0.267675183334512,-0.546391193414046,-0.0307977541521168,0.124208071150899,0.178354157276105,0.6461772870851,11.4983123008963,1.1866355462058
"b_i[369]",-0.271232250472828,0.199607139263763,0.481088835977985,-1.52759031939965,-0.376920414181142,-0.0802356106721978,-0.000144123361545539,0.387967486737574,5.80896041340456,1.30469643293196
"b_i[370]",-0.223982307211477,0.232951029153919,0.514075925231417,-1.81161980167998,-0.229935017612059,-0.0457395273893118,0.0625441173991292,0.217908819294233,4.86995854952705,1.59203455099183
"b_i[371]",0.118951011118448,0.107727012542992,0.302518913632795,-0.206256581885761,-0.0571371877504741,0.0447358072426672,0.108257622042725,0.997017248940401,7.88598291325406,1.18078358333104
"b_i[372]",-0.353882181415194,0.125596981793206,0.424411560706951,-1.73525269737477,-0.367189726221404,-0.260878022154279,-0.158464732416637,0.258581742140793,11.418682686217,1.22495890929931
"b_i[373]",0.281797986026689,0.376307268853234,0.469266792411743,-0.264138352498107,-0.0627606876631777,0.0357267941120674,0.665903750416119,1.28507108862803,1.55508606725914,2.34453411737097
"b_i[374]",-0.0694695819722006,0.132253468727088,0.256514814260838,-0.454627253212225,-0.226041166811628,-0.166989892583931,0.0792057103602163,0.625483722158542,3.76193043337688,1.27604963027027
"b_i[375]",-0.0560513820006736,0.212855118089769,0.293070227346099,-0.791667633852415,-0.177846597268043,-0.0216768859490948,0.152222502805919,0.327933798203342,1.89572443508931,1.6099720745045
"b_i[376]",-0.430688865428976,0.267083799232115,0.458937073327354,-1.4999695000346,-0.731077737351221,-0.182623779138001,-0.126720820135827,-0.0452828957838538,2.95264471744071,1.4102694150118
"b_i[377]",0.412703916631165,0.414292733285235,0.66954339780039,-0.0929957752433161,-0.00399308278917962,0.0446241563764052,0.670029931471552,2.16737346854783,2.61181752863432,2.30834038930809
"b_i[378]",-0.153506620544495,0.0984366673916287,0.389960284213355,-1.21631115736792,-0.223721356709497,-0.0678640344670708,-0.00273773301395568,0.776381016629464,15.693758031607,1.06851606287872
"b_i[379]",0.22260476904951,0.353019375330038,0.557650820033318,-0.227467186359279,-0.122648331002757,-0.0674860451565283,0.453974555722395,1.67975212305238,2.49532780618109,1.49310917491638
"b_i[380]",0.0741844051209343,0.107628085629097,0.406255816403766,-0.643850393670509,-0.0891692371966269,-0.0316563151070296,0.123474691676068,1.14375415586361,14.2478046704741,1.1168292826137
"b_i[381]",0.0819359274449174,0.0746965212264933,0.354822943940928,-0.887139876972156,-0.0406099523987957,0.0585737495488484,0.227974868546333,0.765579921050169,22.5643401110709,1.02107497809287
"b_i[382]",-0.145114916251634,0.0948568858555295,0.373699856699549,-1.31894158750937,-0.133792996381018,-0.0807971717418354,-0.0375179960243929,0.522206931014354,15.5205868094694,1.13370198793629
"b_i[383]",0.1628756851025,0.0525069145656649,0.194353638146166,-0.388773154048016,0.0889658852208848,0.197181573431199,0.287063391973446,0.443950275523445,13.7010026938395,1.2633085951083
"b_i[384]",0.178894716291883,0.0913774642345401,0.282374484084255,-0.163486458872526,0.0136298095294531,0.107511054149,0.232558237236902,0.94016801777285,9.5493254960128,1.27487340700017
"b_i[385]",0.101896564769446,0.0374503099717962,0.230963982925214,-0.440096422995043,0.024626673855739,0.110798748609991,0.188332813213371,0.567987226063136,38.0344978795864,1.02482971095221
"b_i[386]",0.0901552691925791,0.0877147150209334,0.343010386294302,-0.588644742034154,-0.0740587749325752,0.0293557171189061,0.145846981570097,0.97674692692889,15.2921879727589,1.21576816249037
"b_i[387]",0.122303248997244,0.123879027949979,0.268086590654422,-0.186176949505972,-0.00850009413167955,0.0530072354556063,0.153201000565285,1.00354486118119,4.68332833021427,1.52133715280031
"b_i[388]",-0.541718881027664,0.249752054061066,0.538016230076407,-1.92870194429307,-0.73610391670569,-0.332692890060982,-0.219146855560612,0.0478515597167241,4.64058376776536,1.72568795002182
"b_i[389]",-0.0451479764733902,0.0372577743826664,0.187811114990806,-0.475908075004415,-0.121834999343687,-0.0489047966106518,0.0247101199091293,0.394259409725163,25.4102398869195,1.05354318939471
"b_i[390]",0.170778874369222,0.0761762174550707,0.419751976693224,-0.882839465331678,0.0260897999471375,0.159953524208957,0.341517988345467,1.06478899287183,30.3631407107507,1.00850890703628
"b_i[391]",-0.13941409395412,0.0921291294354727,0.371416605109377,-1.06092753710367,-0.258484551356984,-0.0660856033459037,0.0206268229126614,0.61051149380973,16.2528189455457,1.02007994362236
"b_i[392]",0.0666284351627789,0.0389061693442458,0.332749257422662,-0.644615448150887,-0.0203677684680567,0.0291600699343897,0.0947722755757608,0.877691250514005,73.1471221724826,1.02614324690367
"b_i[393]",0.6278451879552,0.44230118669988,0.668039317147407,0.0135555414360104,0.113647287593576,0.279196171613959,1.18936263754348,2.10890537615991,2.28122350455003,1.97112105306808
"b_i[394]",0.120889042460227,0.125132639045156,0.459010037451297,-0.987288682701893,-0.0169964077405682,0.209483293112752,0.310409941847477,1.29166885668532,13.4556027634828,1.06543692625542
"b_i[395]",-0.250342322483581,0.078447605454021,0.396858813853082,-1.40799917686965,-0.278372901668487,-0.199061898031798,-0.0814174230988763,0.484664622627041,25.5924979227033,1.05333408249509
"b_i[396]",-0.258075677378781,0.299884918824306,0.440905315814963,-1.33625054390407,-0.414027603423303,-0.0489719633452815,0.0724472941136308,0.122122848792784,2.16163029621668,1.50797371769913
"b_i[397]",-0.234205521511315,0.254274104118445,0.508005360847351,-1.47009575349768,-0.508158250684945,-0.0316325094082689,0.0704058813688029,0.366990088653352,3.99146499543907,2.06889911416649
"b_i[398]",-0.0826959840288725,0.0965939882508301,0.267912576936661,-0.812307057770537,-0.104509748548618,0.0258390574651644,0.0485847165918641,0.260880605091906,7.6928277363036,1.28726091075388
"b_i[399]",0.0201713537036178,0.0653380336034574,0.324601262224086,-0.740106320323405,-0.076526357768535,0.0597916276034132,0.120742931743337,0.733956817023401,24.6813146508491,1.05000210776195
"b_i[400]",0.0405455979139045,0.0756600495403416,0.29244441928537,-0.78839239097779,0.0083851273818251,0.0754287631012935,0.151635317960487,0.597529677063057,14.9400975658646,1.14149854835191
"b_i[401]",-0.390819203610327,0.292948642260094,0.39493287522506,-1.16231546153049,-0.740733448075476,-0.145118569775449,-0.0879803349383769,-0.0315201700481438,1.81745470062721,3.28019036479144
"b_i[402]",-0.0508219911395691,0.0681996502548694,0.434654800540172,-0.843911878397639,-0.17706133734942,-0.136802517329615,-0.000119006841533693,1.21038422242421,40.6185734011296,1.03830667696894
"b_i[403]",-0.0175226379787108,0.0625946855778814,0.319237407091046,-0.946257840035491,-0.0931402128645009,0.0209099929210126,0.1172858923045,0.553816131514132,26.0107350287312,1.05779387746591
"b_i[404]",-0.205144646493047,0.178526732185568,0.472549516949752,-1.69493927328468,-0.143406742839892,-0.0168890415893239,-0.00468728276883552,0.312783685656813,7.00629042829469,1.59027740383311
"b_i[405]",-0.193378164559295,0.114270976356038,0.39168203561843,-0.971590698486598,-0.387237489320825,-0.287595167026158,-0.0110739056503027,0.733284700437912,11.7488519238713,1.1265414024481
"b_i[406]",0.368554870472068,0.265331667268195,0.58570875890481,-0.516466118015856,0.063787424087986,0.123622351921391,0.569878321123755,1.93878463775459,4.87287493731818,2.13950499693427
"b_i[407]",-0.384611558669806,0.438875617280813,0.619268672007556,-1.86975982238336,-0.612482245319551,0.0233308251483311,0.0525971987961025,0.0649202737569157,1.99101858406196,1.80338126352566
"b_i[408]",0.0508816643680744,0.0429927618486384,0.248813717073884,-0.687204679898548,0.00150691879113565,0.0555820227110423,0.14881182908484,0.552738333802487,33.4933006994409,1.16799057194646
"b_i[409]",0.182645116239972,0.111046809316856,0.352072985700729,-0.37807330179874,0.00153188203945339,0.172242807535634,0.214371115525929,1.18354432643397,10.0520175312698,1.25189968068555
"b_i[410]",-0.0207762570058382,0.0640944180291899,0.328497123132324,-0.782323211603217,-0.169906177819876,-0.0468161870102848,0.0543187228877016,0.786575770830612,26.2677409056556,1.12863788485132
"b_i[411]",0.108080027267933,0.071023892399572,0.36090131569582,-0.44207983509692,-0.0538342644608251,0.0321653264041626,0.113099496297418,1.17386585779274,25.8206987722845,1.1626767196448
"b_i[412]",0.219655145769227,0.086954690494462,0.305593099587978,-0.544132701126656,0.12872778305154,0.20922713368731,0.284166908166246,0.980359870163578,12.35096979813,1.23087630792518
"b_i[413]",0.135320586316809,0.157481751470419,0.350665900017369,-0.875523164162153,0.0485485828008533,0.247658581806623,0.341780267890996,0.536800268644735,4.9582292006011,1.61747387793705
"b_i[414]",-0.0590694864285644,0.154736027491745,0.464274719989281,-1.10291382460011,-0.239998293986811,-0.175289746825593,0.0331763808887964,1.21513329575967,9.00258410267083,1.19786479482346
"b_i[415]",-0.0474489024156278,0.128614899459425,0.503841390645369,-1.78008898318532,-0.044626429159904,0.0159792775951472,0.0426421237731441,0.88594695334034,15.3463507071894,1.0110998396291
"b_i[416]",-0.179615471252235,0.203103731560968,0.42229087447282,-1.32239236317184,-0.254383579370949,-0.0131260141418597,0.0462170221806468,0.230606089305595,4.32302341613818,1.49656303147113
"b_i[417]",0.115875552071479,0.179305888681976,0.391679898371623,-0.290919770334592,-0.0832234144831438,-0.0368799191630228,0.185737044715845,1.45494341591713,4.77170362605997,1.24655546801785
"b_i[418]",0.527461658874183,0.449145660251608,0.657125098375969,0.0297510943489401,0.0842180528450339,0.099892598437995,0.910826543008455,2.12351341998715,2.14053185110078,1.99974155904137
"b_i[419]",0.157444089752306,0.147364133970255,0.456783211246008,-0.789011703926993,-0.00942550691992397,0.0177371067435957,0.199621154613669,1.28680657645328,9.60808141192451,1.13812281670581
"b_i[420]",-0.0662770434407055,0.080381140430865,0.410666678438313,-1.14602250874548,-0.126706837929956,-0.0397726973305056,0.0246281597393284,0.76157146442443,26.1018087933266,1.00375111315113
"b_i[421]",-0.083357150620717,0.0744056277247643,0.239415504162721,-0.652349835407133,-0.210928451826775,-0.11736478739444,0.0328910583180565,0.386219369886469,10.3536379048193,1.23149044153919
"b_i[422]",-0.171971059770964,0.0700232009615929,0.282644797786562,-0.795890488955004,-0.239431464924826,-0.202016201270603,-0.0957559228929078,0.540612647839033,16.2928880513892,1.11029712397784
"b_i[423]",-0.200709767434858,0.0329452533820212,0.270237902841809,-0.93824396321289,-0.229992281771418,-0.181406685386964,-0.124262013121724,0.304298426151716,67.2832280971394,1.00873775141822
"b_i[424]",0.130936470831221,0.171024676545376,0.47758046808605,-0.928659701689702,-0.0288437177198189,0.120106049028466,0.185744721088865,1.17952582016292,7.79786223582916,1.52487618331861
"b_i[425]",0.00919339958004764,0.156508560932699,0.273424735252447,-0.583111107788464,-0.177803529001591,0.120970424897876,0.17736027688018,0.406210593144228,3.0521045347214,1.32794276858803
"b_i[426]",0.156966397902184,0.169464623949499,0.406661454492535,-0.3944066605493,-0.0825527260086594,0.062635717350612,0.258831454840577,1.30270386258892,5.75848068967017,1.46268622079084
"b_i[427]",0.121707971637142,0.0775123684609643,0.392408884040632,-0.855067725818158,0.0211813246854316,0.205721879037689,0.27068112684721,0.965516401233847,25.6292352554313,1.08365078367927
"b_i[428]",-0.158820778555116,0.219755859183362,0.372583762625393,-1.1147243019193,-0.260013334961547,0.0215204652923278,0.0676582436990049,0.303447671784934,2.87453050693468,2.04024095396485
"b_i[429]",-0.099560982074598,0.217771272846214,0.460836751084092,-1.41020245404389,-0.134289971268406,0.10348189731997,0.144666610644955,0.3217342572674,4.47809222277504,1.62911620060967
"b_i[430]",-0.20066855262183,0.0924597495200916,0.359824447712278,-1.0798408318249,-0.331237774531931,-0.256065833321315,-0.00482131154888368,0.613377370735312,15.1452312821287,1.03902899478541
"b_i[431]",0.0136190100106941,0.0666082015937381,0.240159492636406,-0.405008881238929,-0.147555792855551,-0.00405750610835034,0.122508096829351,0.562915548598657,13.0000223477495,1.13066952961634
"b_i[432]",-0.220453707329882,0.0942828320643039,0.331883586841118,-1.13242293031258,-0.291332264969404,-0.128119500899054,-0.0156071871358549,0.189208750465746,12.3909987009829,1.18380022986058
"b_i[433]",0.0330574865141598,0.261197326201772,0.365441344122599,-0.317589735208022,-0.220968772895522,-0.106464729819133,0.179000483384066,1.05765391667697,1.95748257800203,2.02397793805353
"b_i[434]",0.180708775729613,0.253407491059386,0.430257400411875,-0.255089283988145,-0.0873154659784165,-0.00928842951088178,0.342264453408797,1.31245064311434,2.88282181439073,1.68894216067977
"b_i[435]",-0.122802961805736,0.165316309262209,0.219715945146355,-0.612258027438685,-0.304146059589507,-0.0407253103463601,0.0415756297216082,0.16369148042809,1.7664109535865,2.2311059424602
"b_i[436]",0.168293040410315,0.196758248526512,0.479699255462139,-0.397765473634033,-0.0825672528755312,0.0268357681449158,0.191782339870273,1.79709448467735,5.94390956146653,1.35029707072267
"b_i[437]",0.155024966870112,0.0536734789339915,0.337694567451113,-0.557979098481759,0.0200217121583877,0.131477218476972,0.208741247754366,0.976295163111153,39.5848183942108,1.06413145410681
"b_i[438]",0.332233399317745,0.329136761391406,0.555470231381965,-0.188965575457407,-0.043872450147646,0.0744839770817655,0.574265475379873,1.72476383939771,2.84818893966355,1.99770946412277
"b_i[439]",0.124006909119207,0.198270406949186,0.513693772901375,-0.579406247419907,-0.130807494814688,-0.0234365382761125,0.198572267332155,1.41886313211652,6.71263149622076,1.75147939455122
"b_i[440]",0.0455449516487025,0.0816804341675987,0.226492087976708,-0.63429883452033,0.0011103148255828,0.0767535170457064,0.164085814257952,0.403061516609692,7.6890023882866,1.20560081777294
"b_i[441]",-0.420811588471523,0.214402422132375,0.420284369956811,-1.50871485728165,-0.572887246275354,-0.230575768818422,-0.167004023292035,-0.0127002794597184,3.84261703577445,1.9781428136567
"b_i[442]",0.193062693435474,0.0653111639788235,0.322461921435008,-0.380742990769922,0.0582638867999535,0.112031242342335,0.227828677379516,1.08952986662915,24.3770993448465,1.22805942350386
"b_i[443]",-0.0684046712355617,0.117562137119795,0.455589920310032,-1.46010190703186,-0.133461341548682,0.0274224124057173,0.0914236705027333,0.836409166160833,15.0180404328054,1.05419729959074
"b_i[444]",0.111157712570714,0.116099943531658,0.214192068185745,-0.155912578576884,-0.00927710326937661,0.00541058979760239,0.218993375559919,0.674334559066371,3.40363320268335,1.25434054254236
"b_i[445]",0.207515225430411,0.140053371972212,0.429839671871937,-0.222085286999452,-0.0368796183920284,0.0117551142111238,0.256388240713311,1.36996382628476,9.41945667798967,1.20968700116479
"b_i[446]",-0.143001387205725,0.0645190716208042,0.334065665011057,-0.815673149248765,-0.295675153246191,-0.170037991858156,-0.0147364843044251,0.631809559482451,26.8094227986767,1.04061250099668
"b_i[447]",0.183959732358844,0.0868804103840345,0.423034684059301,-0.558049167022874,0.0479584628497635,0.0860324640301284,0.124539053593366,1.45479309723861,23.7087263951577,1.07801957443387
"b_i[448]",-0.0793232995739069,0.0797307123612046,0.361569125148466,-0.646310759624039,-0.267687257302214,-0.192684451111687,0.0309021601340764,0.968322118689905,20.5651266353525,1.22638213969692
"b_i[449]",-0.273166378098474,0.126983208646493,0.400767551908092,-1.47604661075125,-0.239561482828207,-0.187926989269661,-0.0701006782201451,0.253902327547474,9.9607607747807,1.34842330106853
"b_i[450]",0.315173668815522,0.33042410819576,0.485590148828705,-0.252069099027246,-0.0766967529719914,0.197981337259369,0.549493593066145,1.49213119502001,2.15971419222688,2.29166273110376
"b_i[451]",0.0769552544035201,0.0648862035895945,0.350846211205446,-0.470759185967088,-0.0923705456334513,0.0173089847585522,0.111005409536795,1.0245445919104,29.236733705974,1.07696017130841
"b_i[452]",0.00652526491817208,0.0440594476141019,0.325575664412182,-0.864053676693458,-0.051984496076241,0.0206570796621583,0.0589164362375404,0.725091971745428,54.6041655977176,1.00687186100977
"b_i[453]",-0.0557112787901665,0.235027135306966,0.352321856460975,-0.442674040392269,-0.291400159018199,-0.21663135358636,0.132878146462465,0.83279730985097,2.24720740450786,1.42624771189576
"b_i[454]",0.275407951674442,0.266857573081082,0.516571321508472,-0.26679892698026,-0.0125531137104005,0.0317808268569263,0.433180781731755,1.87257941238988,3.74715380531943,1.56965530271158
"b_i[455]",-0.0391626233225503,0.0757617299203592,0.402578354047847,-0.82875602588138,-0.169935177991124,-0.0814658127937102,-0.00468849725833035,1.0616139874981,28.2358635500429,1.13662658767669
"b_i[456]",-0.115704379714178,0.277552030628446,0.558016700746224,-1.78646490401316,-0.125727092158642,0.119899448333005,0.171696364958351,0.465949857707987,4.04208624688738,1.38885527914108
"b_i[457]",-0.347241052546583,0.277431208570565,0.560638982948549,-1.86833540948454,-0.510327822934844,-0.103311349692154,-0.0188252534432421,0.268741352915572,4.08371999955767,1.77378572132573
"b_i[458]",0.103406912374232,0.211880657390507,0.30594578486857,-0.308277193583351,-0.109949611563953,0.0140114526806503,0.251524861960368,0.820732569916588,2.08500127465022,1.4727030723987
"b_i[459]",0.0494206383942815,0.0655720118201018,0.327133566848073,-0.836161546091211,-0.00487341618780131,0.118000381581025,0.201544015868742,0.720964512393937,24.8893297110396,1.07562235530928
"b_i[460]",0.0117611542452816,0.0454912006080524,0.395894222777132,-0.864607451010621,-0.0825336079018203,0.0187380423291874,0.121586859558962,1.02372631906059,75.7362034175156,1.04856740591574
"b_i[461]",0.03971632233561,0.0372149686990563,0.287201917997082,-0.719760493216383,0.0159350874914947,0.0956732287871784,0.135305956927423,0.586887933746315,59.5578971854643,1.07567490739957
"b_i[462]",0.0123220575694957,0.0790793626262266,0.227407095093009,-0.535576179460469,-0.0413185391856132,0.0305326600581289,0.111083857065801,0.499671213986917,8.26954663182852,1.23503038653316
"b_i[463]",-0.0483927304889925,0.125072316895605,0.354897890242721,-0.931390507750657,-0.0915460282304608,-0.0103460396692521,0.0669362706408339,0.61300837751302,8.0516417891914,1.79049235135744
"b_i[464]",-0.0579982175936459,0.0337706305187385,0.226391439724501,-0.588065344807286,-0.121692548421298,-0.0815480074560606,0.0112339166631928,0.466490765063726,44.9408895184347,1.01737548245327
"b_i[465]",-0.142998531750687,0.067462053928154,0.264792820669706,-0.83361925564334,-0.136757127317234,-0.0787859395963253,-0.034872101029659,0.278824391852002,15.4061205887093,1.17074903519888
"b_i[466]",0.180623976281047,0.208924135882737,0.528160849883084,-0.450443201477346,-0.0779988715516691,0.0212853027477745,0.128051624848517,1.78877820474707,6.39079935190917,1.35072138485479
"b_i[467]",-0.400442346325546,0.236470792234768,0.508966904054124,-1.68939974438655,-0.460292014065939,-0.190512421686165,-0.109334954679533,0.243969273380917,4.63259221641115,2.4708570757267
"b_i[468]",0.255047934149727,0.0803450108229117,0.352107856837764,-0.348200593120692,0.0358405368591999,0.21905626503787,0.367139726708915,1.13314371608851,19.2058531832723,1.17551290701089
"b_i[469]",-0.109768882141285,0.155376708622582,0.368562736700593,-1.07444691130372,-0.221468862322488,-0.0231724573411614,0.0799937881583245,0.407186531794785,5.62666440700122,1.32032501136841
"b_i[470]",0.00440607871998424,0.0980672586066828,0.288244531747962,-0.602931241080158,-0.159322364493882,0.00661264799676279,0.148460401875254,0.704381915423338,8.63921105651005,1.26406168832133
"b_i[471]",-0.158883327510636,0.0509844616138567,0.360816184507147,-1.14802937625634,-0.181239761347063,-0.14634897851663,-0.02815330483796,0.521213439156291,50.083692935628,1.08181414802391
"b_i[472]",-0.266778015258678,0.104198096048563,0.365091621924606,-1.11584238452775,-0.384855210189804,-0.217921704601509,-0.0989130466022088,0.581165788766436,12.2767713402808,1.0391358970147
"b_i[473]",0.208202630724512,0.0687378998161345,0.334216386352578,-0.454774597665525,0.0805631029591669,0.195143966478057,0.275402731595782,1.05458206965895,23.6408431065091,1.06800732181519
"b_i[474]",0.011661900741408,0.256891446566998,0.672408015898832,-2.03124440580189,0.0128807089690134,0.254476809873841,0.293474111346492,0.946085463098188,6.85119731865652,1.31390274096602
"b_i[475]",0.0882429514810358,0.0735749255173009,0.403856779951568,-0.99751208628986,-0.0507770119012195,0.0778369068949187,0.167583948672087,1.0755331991576,30.129719893896,1.07241535230514
"b_i[476]",-0.137632702511856,0.419590213520838,0.522106788662272,-1.53355161197298,-0.488242219143564,0.182220996608847,0.265643519415857,0.355948478805685,1.54834586945183,1.95547546202545
"b_i[477]",0.0564891929031871,0.148236828963641,0.475628929068027,-0.724189168493833,-0.0820594964755513,-0.0570458042266437,0.0360546880935159,1.42815868667434,10.2949511746189,1.26232329172651
"b_i[478]",-0.407348627766914,0.331258787279671,0.467857239522234,-1.67583430624302,-0.710106844011597,-0.19829879249159,-0.0641640576414657,0.0547315828411054,1.99476570448113,1.8569136074286
"b_i[479]",-0.23370177927785,0.148817282782606,0.439991113004282,-1.44366937828057,-0.353334104908273,-0.117569712716231,-0.0399572793312907,0.686186648930525,8.74140149741811,1.45150998363455
"b_i[480]",-0.0392212321060691,0.0298418536131087,0.137901320685096,-0.387534714824963,-0.0904372333007665,-0.0200414266101423,0.0378684585010117,0.205375568343793,21.3542960619836,1.06533368824944
"b_i[481]",-0.119337764521,0.067232348136784,0.414857517255283,-1.28015571144523,-0.220999047495882,-0.0776640401265984,0.0455741930970598,0.639198270655825,38.0751277176923,1.20096215651731
"b_i[482]",0.0743221075954553,0.074552303669215,0.335565017301263,-0.733144673023314,-0.0293594203505933,0.084290791737756,0.197994105630394,0.811184482384553,20.2596166338373,1.36388442962672
"b_i[483]",0.05494695664464,0.0338673315814316,0.284073094289635,-0.634477303934452,-0.0685238463921005,0.0457557400810796,0.185905480921569,0.69316391029579,70.3555308433911,1.04496062715199
"b_i[484]",-0.488368403964959,0.313227377579693,0.43585257040745,-1.30133695061682,-0.929835056599978,-0.234490709900194,-0.151707836898162,-0.0320061492872219,1.93624270336044,2.81997841771427
"b_i[485]",-0.349161288586425,0.333174295000423,0.677114538431651,-2.0879913717595,-0.533451417139381,-0.0195336093952402,0.012525036597373,0.47019150445237,4.1302971966675,1.80784425942478
"b_i[486]",0.20079668940603,0.102416154960544,0.3165456601002,-0.285168359570407,-0.0113645489718649,0.127467609473285,0.330933255079564,1.00665028676329,9.55291235746929,1.35276155759664
"b_i[487]",-0.191813103414875,0.191880949961309,0.377656223756783,-0.820407231679978,-0.440625272053737,-0.316839825146997,0.0461793589747918,0.734727279721514,3.87373201311443,1.46321162514041
"b_i[488]",-0.166383119057259,0.20423956388952,0.48112319995741,-1.45553062804309,-0.0893182266794377,-0.0387875202269946,0.0166538530576893,0.546607566218329,5.54923158633723,1.94484667244689
"b_i[489]",0.101627996282544,0.0954013291668322,0.410675058210082,-0.940588691139,0.0053672238178674,0.108879528608213,0.154167639963156,1.28465966337411,18.530528412628,1.00723285110259
"b_i[490]",-0.287777725245616,0.0756790989638483,0.338253497840768,-1.11716023579831,-0.429377959771858,-0.203178276493857,-0.10572230196727,0.278407501426277,19.9771112037927,1.08742418665286
"b_i[491]",-0.181582283887836,0.175808079036912,0.380631282187524,-1.12932220460595,-0.311903982771122,-0.000447677615406348,0.0247253010803768,0.260023505628679,4.68739225970093,1.20973422001164
"b_i[492]",0.166358089960249,0.162401923273269,0.398263296523645,-0.467354797190379,-0.0696322210002613,0.0259261418948655,0.339480093611269,1.10822130279447,6.01392810733433,1.27280469967389
"b_i[493]",0.150930000405613,0.151483728363091,0.264694651012118,-0.139055571924084,-0.00794695552279665,0.0419687477983826,0.242335157271565,0.878378708172087,3.05322183158088,1.73230336646306
"b_i[494]",0.0659319550768033,0.055502258734685,0.368277085463928,-0.697313158062957,-0.0406089770026319,0.0937341865432486,0.139509330687704,0.981902998196688,44.0279109796772,1.00935162903167
"b_i[495]",-0.0657639369387132,0.0707885348173533,0.28557087363082,-0.674138737472862,-0.175271689784228,-0.145543943864634,0.0386655699689925,0.654774450657995,16.2742871105186,1.10830978691319
"b_i[496]",0.0224603362980132,0.0380505328022324,0.266395989417399,-0.538699219149133,-0.056495402278224,-0.0312534745668559,0.0603848899997648,0.733932586668055,49.0155499572793,1.04324895360773
"b_i[497]",0.0203403199135926,0.236834444538655,0.420541570433421,-0.377861282934067,-0.233661586583919,-0.158372544420153,0.119396854326492,1.14557720503861,3.15303022474077,1.39821584377664
"b_i[498]",0.0774752377998625,0.102980142712416,0.40528797567049,-0.67721931517833,-0.0331106885895867,0.00618996770169121,0.0328548018182933,1.23553045604554,15.488895844303,1.0732976112414
"b_i[499]",0.0563609266259003,0.284627968736906,0.438572386163188,-0.476636501146868,-0.274670001642688,-0.0857052158111694,0.277552877323662,1.12919965470698,2.37425532408444,1.56753576262789
"b_i[500]",0.234606738297086,0.152957693745702,0.325765995974356,-0.345807922175593,0.0371925753822648,0.0987460577547454,0.434216035442672,0.999997853461126,4.53595613672723,1.24951085441021
"b_i[501]",0.0937607911797167,0.0330420353353618,0.265067228295751,-0.642527981524474,0.0448356308520091,0.096509036671764,0.152289675497377,0.673811155236092,64.3544363849865,1.00210943000827
"b_i[502]",-0.054314309020069,0.0544205868303885,0.321669389315999,-0.853998802389046,-0.142264750166114,-0.0512612179980634,0.090738119330328,0.572098158854357,34.9375967571926,1.04754855091732
"b_i[503]",-0.195749856501665,0.207627275663394,0.25730580666536,-0.816701769181825,-0.374924254447379,-0.0334407698668402,0.000263184812945124,0.0301054730698654,1.53578479392819,1.68231874538674
"b_i[504]",-0.367213528928162,0.363045183279041,0.549740111020719,-1.73492684069226,-0.687291299197009,-0.142433933057739,0.00661159259179412,0.188943606319363,2.29294423874493,1.95521663212771
"b_i[505]",0.0633092058757474,0.0619073700542034,0.29085973597803,-0.590705285231803,-0.0376900707029609,0.0462393710085061,0.151325518478785,0.754147723999736,22.0740743833947,1.15628743252146
"b_i[506]",-0.009646258632067,0.0449042797392807,0.328925527997909,-0.747299293763871,-0.0975556172400167,-0.0024947190214256,0.0749110907896199,0.746750959041182,53.6561727442328,1.00067411968515
"b_i[507]",-0.127481083123419,0.0396231744298067,0.174586714425486,-0.456660267907225,-0.205864884675156,-0.152125927685578,-0.087810070988254,0.385871805095233,19.4143945512076,1.08012153302869
"b_i[508]",0.204503701452191,0.132967486871358,0.462696287746212,-0.53777411095825,0.026384110122928,0.150794432366985,0.198129211181692,1.73890344813204,12.1088000880327,1.22921695844905
"b_i[509]",0.458139456050507,0.441079489234959,0.668262774453182,-0.0481384358080352,0.0179687527834,0.0488832468833588,0.945983164223909,2.18369940495147,2.29541287300753,2.03088139584244
"b_i[510]",0.0110536665409643,0.0841612204608675,0.356917690511559,-0.590119817899631,-0.144105980583942,-0.10855938281467,-0.00256651648891982,0.941161416133821,17.9850686047721,1.11897060615837
"b_i[511]",-0.0384447258060984,0.147769396302184,0.514921328342049,-1.24492298431475,-0.0707133576343546,-0.0373920034715776,0.104438554700763,1.0295292328317,12.1426300555149,1.0434105484396
"b_i[512]",0.329299617221844,0.162551101895383,0.382393073288088,-0.184153775235922,0.145498072543976,0.199606815835004,0.428577378142238,1.3347171762205,5.53401329277942,1.74637962227857
"b_i[513]",-0.273824751531551,0.136406772865743,0.331826763274578,-1.26635324715507,-0.262679160031264,-0.171810994174308,-0.0956121683191529,0.0268326654411426,5.91767285916853,1.82134388341806
"b_i[514]",0.137767524210428,0.10097076722588,0.405142678344774,-0.837301008529574,-0.00771903703308891,0.162019931677123,0.294229444350582,1.0631473635655,16.0999555556931,1.14619011101182
"b_i[515]",-0.275838905667814,0.264491247951307,0.473827646601566,-1.41351576462292,-0.558067210686926,-0.047781107718631,0.0111485630462576,0.247783145059483,3.20935813169291,1.3952032315941
"b_i[516]",0.0849175145896517,0.0883219724717241,0.397752812841355,-0.616515500133705,-0.0912142492927482,-0.027807218345382,0.0994603944688586,1.09712779765503,20.2809829627742,1.13937721905669
"b_i[517]",0.262188629076119,0.126415044740051,0.352698907746647,-0.656937233529038,0.140904026448028,0.313702775258214,0.41828053556196,0.903007655351701,7.78414117952191,1.19486633129523
"b_i[518]",0.0511564647893859,0.109792249920824,0.445004545969574,-1.30489204324353,0.00441301363761141,0.140557426252504,0.185735964449148,1.09100064432321,16.4280314347987,1.04206480034335
"b_i[519]",-0.00028002837678807,0.155920818739493,0.381785022897352,-0.437607363216796,-0.179738395913371,-0.106447852116018,-0.0163024139563672,1.13919269717131,5.99555735061449,1.45452779425745
"b_i[520]",-0.280965257674061,0.0866641511891166,0.343055124090249,-1.20019387428668,-0.384154513733224,-0.296755420730614,-0.156203282376206,0.389659045200717,15.6692729450825,1.08922100422338
"b_i[521]",0.0229109394281051,0.0748750204435411,0.379846139086897,-0.674146534673316,-0.116014640783462,-0.0941061056775678,0.115505913365528,1.02621110861116,25.7360282657697,1.11907844738459
"b_i[522]",0.152192677128583,0.0676478952870392,0.195860268207408,-0.261872356002829,0.0637968334232643,0.121834529840433,0.211869812776984,0.658485753103192,8.38270362443748,1.09848321847226
"b_i[523]",0.123495800118669,0.178277407134224,0.543057015028964,-0.961338101488223,-0.0191103873266152,0.0395110915833844,0.13181789540913,1.66632385799664,9.27893725748557,1.03000967663628
"b_i[524]",-0.117661451847176,0.0571915557350179,0.312827615267459,-0.583014650754138,-0.204559947662046,-0.160468103695282,-0.117014750059842,0.892400954281434,29.9189499369332,1.0981710030432
"b_i[525]",0.0892304737103538,0.0999528779548092,0.279337977606311,-0.321190543874166,-0.0288802186625862,-0.00458047092347711,0.0878876768155261,0.904014503366742,7.81032961314442,1.36856408809422
"b_i[526]",0.27821822788789,0.230774075192092,0.460068866565812,-0.117812652202147,0.00191152283726658,0.074049940334767,0.411517827557122,1.56118642601309,3.97440070805918,1.51818150841996
"b_i[527]",-0.214134644916919,0.22783240383557,0.522407073461698,-1.73485691060447,-0.230705698498144,-0.00220591722191206,0.0569544967204001,0.40980147165046,5.25759480545795,1.52422975519985
"b_i[528]",0.172397024743154,0.340357636059487,0.495336742921101,-0.301567368406563,-0.15830070725806,-0.0857628119400772,0.48029497323308,1.38348554569325,2.11802016715025,1.6029673847864
"b_i[529]",0.00632164217452173,0.177782130369902,0.467388890637423,-0.983197478774794,-0.099244807340955,-0.00297106951734956,0.0865877667188013,1.06410622757544,6.91163123697299,1.37135701865983
"b_i[530]",-0.197304267641331,0.168855779212489,0.404184344519159,-1.33318125443423,-0.1418341205899,-0.016899828097865,0.000848360652529723,0.166400662864845,5.72963711559932,1.59013820769844
"b_i[531]",0.271199924388953,0.216709791966561,0.503963696004811,-0.285270029008221,-0.00963696184416976,0.0745973171356835,0.355658710599225,1.69995904042183,5.40805916501939,1.5191797435727
"b_i[532]",0.346639113863073,0.475443611409199,0.634118672748201,-0.147952167012648,-0.119103424958623,-0.0699155783713388,0.837426089942242,1.64961266153939,1.7788652515818,2.91812310106361
"b_i[533]",0.175034855841704,0.14552611549416,0.511132449754948,-0.757410308542288,-0.0208655119226824,-0.0069495197201806,0.0985431330217481,1.52884616687718,12.3363031471494,1.39660811814258
"b_i[534]",-0.368964119813445,0.224656613956486,0.492279388462474,-1.9530033540714,-0.399169382270339,-0.214743457936399,-0.0437796037882029,0.0442935229685583,4.80158793795034,1.80690135090123
"b_i[535]",0.316837306463296,0.243375289296422,0.302814790401348,0.0207361977706987,0.0773732636902157,0.109639749016553,0.639927929227745,0.886771727930094,1.54810782460551,2.39228519804053
"b_i[536]",-0.222916670414921,0.172219581450413,0.472359735206548,-1.5962333013228,-0.387142038896323,-0.0649174649973011,0.0287965995815512,0.380508614967997,7.52282020128379,1.34158394547027
"b_i[537]",-0.316745074206084,0.199733080405993,0.438611071121344,-1.46475422814267,-0.426760591494722,-0.191694011450927,-0.0145477205513416,0.183448482481044,4.8223550138338,1.50836918291158
"b_i[538]",-0.208498737889949,0.0879438789107843,0.361400863954252,-1.11417469488659,-0.292826065627412,-0.185674207204521,-0.0574870240879403,0.512494287486692,16.8875690937517,1.16146200059975
"b_i[539]",0.0322940500559067,0.0601036993191289,0.35219868237108,-0.848045518021496,-0.047205047391266,0.026838102670161,0.117996285258398,0.809615961054335,34.3378459059244,1.01284417664334
"b_i[540]",0.163884450845701,0.154130199716424,0.435346865568217,-1.15846827660863,0.0781410627010857,0.28555873429953,0.362287757955183,0.624822610454776,7.97802442525688,1.20426162627712
"b_i[541]",0.029106516390511,0.148781990669389,0.412652123100265,-0.876118077137437,-0.0665013381343774,0.108109670110759,0.197310813328893,0.939760111132231,7.69249880505754,1.14391437424096
"b_i[542]",-0.0372270983123509,0.120805607405078,0.305126472222711,-0.569824161066077,-0.208595840708316,-0.116446602134821,0.0660083909702222,0.775637594644057,6.37948453807957,1.21885648825607
"b_i[543]",-0.170873064610058,0.0764197902675498,0.290464746852157,-0.899525462210426,-0.200607153000232,-0.140907993404368,-0.0834555068994273,0.46213084627313,14.4469170097727,1.22515051101358
"b_i[544]",-0.206856913205924,0.141444267949181,0.462065976371463,-1.45451396659962,-0.235926988125518,-0.0924561883832969,0.0272438014401159,0.566966426028909,10.6717901667228,1.29580316581839
"b_i[545]",-0.144956171167898,0.0974867940262449,0.329621594244627,-1.12669659741498,-0.152222081333491,-0.0663294635622691,-0.0399097112911811,0.458579546222833,11.4324611567193,1.34230939085518
"b_i[546]",-0.000385343965652988,0.0564086490281285,0.259317097391971,-0.567338758256486,-0.0542541458317829,-0.0152857460925884,0.0163042977011789,0.659537831861284,21.1334746057329,1.22678149997175
"b_i[547]",0.16505453911969,0.206807080052217,0.25640933654051,-0.0632569977415608,-0.0460261679957206,0.00278035555333017,0.366427581709464,0.736865784347464,1.53722296660455,2.58043691422892
"b_i[548]",-0.217804089064422,0.360864203822386,0.489392649007342,-1.38962465657732,-0.595837612543284,0.0656208461536208,0.158804849385765,0.230689707465337,1.83919287266032,1.75189727056269
"b_i[549]",-0.0280639920129019,0.0884409094017431,0.286726936730338,-0.590874334614685,-0.0832861284400724,-0.0429660738257134,-0.0117195404866104,0.677413834534258,10.5106745915222,1.23311613077792
"b_i[550]",-0.162284836718563,0.0872572754396345,0.31239184655491,-0.812881101700234,-0.324956411777308,-0.150008951410238,0.000789253275132128,0.510891859715093,12.8172862616964,1.07389168369253
"b_i[551]",-0.0859163464222657,0.0370015460807486,0.329744839380332,-0.928055544877696,-0.132210675601213,-0.0691788261585773,-0.0154055260453605,0.703610824358728,79.4175111414379,1.02101281068071
"b_i[552]",0.0917630114401646,0.0560409928823772,0.277188799823836,-0.563269263980467,0.00645490739909739,0.146869924052366,0.183792324172,0.742800369320617,24.464689822658,1.04444947589613
"b_i[553]",-0.402894985713107,0.312492426771012,0.525491264447745,-1.90310783477633,-0.585368565619683,-0.186939456135722,-0.0497275813725946,0.0863777270094589,2.8278216057503,1.5766586588599
"b_i[554]",-0.20431137826475,0.0611041194903393,0.20778403826682,-0.717494209615381,-0.285672191203936,-0.170734954493923,-0.0914007688125103,0.274194045513577,11.5633423664367,1.07377698607166
"b_i[555]",0.0828290355447099,0.149954315811188,0.525123228776448,-0.922957717259635,-0.146716537992265,0.1321111044292,0.197883147832262,1.60780423722226,12.2632200170809,1.06977624827115
"b_i[556]",-0.414862218812874,0.200853511564192,0.442676110557185,-1.56746527447942,-0.561346112974404,-0.253318144842773,-0.184114249813882,0.120106244617422,4.85750563399917,1.4250486740911
"b_i[557]",-0.0958814681944371,0.10321900425151,0.382390334223924,-1.26685868423079,-0.136187635611894,-0.0334239692077241,0.05963137053755,0.514456975764407,13.7244352204863,1.12046011288723
"b_i[558]",0.000227310782467784,0.110632968131487,0.403222871179575,-1.20290562661656,-0.0107296643912727,0.0941265632108469,0.160628890500969,0.682110793304888,13.2837651012494,1.30648924387225
"b_i[559]",-0.0966730812611188,0.0908394890505276,0.292264422273073,-0.805400265153375,-0.220482053796028,-0.0201536031207632,0.0718616797254801,0.425982727632958,10.3514821406528,1.23211532028095
"b_i[560]",0.421557256562003,0.165311447668426,0.498187705901155,-0.281497982107886,0.194208827654057,0.265574306706771,0.52447805945142,1.70609016807589,9.08197189723289,1.11757151906569
"b_i[561]",-0.0664839881050066,0.191701618047079,0.499694109037834,-1.5074591275891,-0.223095946811643,0.0997663656314322,0.156979890242659,0.78426338611864,6.79449059724621,1.18541996946377
"b_i[562]",-0.282368775198156,0.285531080431042,0.720867759249352,-2.59549963841987,-0.100523789185349,-0.030944622743741,-0.0127709765341548,0.4086641028052,6.37388798646579,1.42862561433379
"b_i[563]",0.313826229161067,0.109695977237943,0.351276718090706,-0.278654673364159,0.199025788592743,0.259558838876935,0.323603331663715,1.34183393931995,10.2545670778562,1.14328599322947
"b_i[564]",-0.551063281728543,0.584751451420318,0.882401910402546,-2.37386565279175,-1.43865580713101,0.00940758979128724,0.0365483122227906,0.169941733575757,2.27714278067036,2.49669378873463
"b_i[565]",0.0148303989137473,0.0943780985396469,0.403884330061395,-0.617436744341648,-0.128365119683557,0.0141156932873688,0.0693029961994549,1.39340839317813,18.3135087758701,1.21348208578547
"b_i[566]",0.0403345027009636,0.0376600316836976,0.19347008496596,-0.248475565597674,-0.0462447742069194,0.0100331343674971,0.0753694130003741,0.577667559962888,26.3916341755356,1.08162205152791
"b_i[567]",-0.301005297520407,0.174409816761446,0.423475268618486,-1.49064862088408,-0.295600289928123,-0.111387629888277,-0.0709198494702841,0.0067696138146978,5.89541324380506,1.37843117749321
"b_i[568]",-0.135004209372976,0.183890008023306,0.307812471187216,-0.874758344905154,-0.285673467050254,-0.0322044131918889,0.063913811494808,0.307793955368112,2.80192276348758,1.32675441838214
"b_i[569]",-0.0463595907292737,0.186157917348,0.332016764095546,-0.434225755739325,-0.270884493334443,-0.198057186777153,0.0900765957649715,0.830870088958195,3.18095116579389,1.5109992962179
"b_i[570]",-0.207608093070896,0.139306464962247,0.333341424101747,-1.17017120650195,-0.327619575219048,-0.060054900788667,-0.0270837023087054,0.195177008172545,5.72579809248179,1.2900625894272
"b_i[571]",0.722283925454359,0.633202815021977,0.783732588972409,0.0207878968607714,0.105593215669206,0.139593590656655,1.61095771655113,2.13380143403858,1.53196956653856,2.35379082252403
"b_i[572]",-0.140162558626806,0.222899508139548,0.595479420210055,-1.80123670437069,-0.117492037325309,0.0996515324624518,0.173950223385225,0.477099759894965,7.13699337137004,1.1917928177863
"b_i[573]",-0.10632643977236,0.125790267485783,0.477772394903744,-1.3978780118188,-0.225104329079577,-0.0640690118739772,0.0134233241419094,0.824596799487719,14.4260696623139,1.07649933224483
"b_i[574]",-0.238740258199748,0.186626958322481,0.396408901999917,-1.35044145040273,-0.266667636387073,-0.0650146210521329,-0.038609976570598,0.191141081087328,4.51167743114221,1.8547163148045
"b_i[575]",0.00248277648429426,0.115453314898076,0.477768699461641,-1.11336376324369,-0.148964071246292,-0.119197844300321,0.109140912357575,1.24026324840782,17.1246843113993,1.06011692755982
"b_i[576]",0.179271665953646,0.138676349434303,0.390853098412177,-0.463740649541632,0.00906096149221962,0.0826612685755037,0.215144485332142,1.23666945859401,7.94369053679848,1.71065057091509
"b_i[577]",0.0416420196514254,0.0743631411227312,0.350683366579274,-0.549177369040789,-0.103687061014832,-0.0194622803149437,0.0657499715072724,1.01221118638029,22.2389809005209,1.11269916437954
"b_i[578]",-0.388078362016162,0.18302518126189,0.439877455421284,-1.7008258549631,-0.308205101556392,-0.235726958189938,-0.155745505181999,-0.00751364467295045,5.77619327998363,1.68827986703116
"b_i[579]",0.166251113106874,0.0413010276023206,0.256663462042465,-0.311878042182549,0.0480712736681853,0.112286778872176,0.221598367110554,0.832720367740809,38.6194763922829,1.05217826106352
"b_i[580]",-0.186895111128817,0.084606925654676,0.402233311218346,-1.37830122274739,-0.226520541766068,-0.0949030054982055,0.00559363511859309,0.392225937437133,22.6018630625806,1.21345502463597
"b_i[581]",-0.0608058814982713,0.0782321581234044,0.287303399154586,-0.551033956532774,-0.22771107097477,-0.104844438559818,0.104507695312332,0.655768260750104,13.4868617806871,1.27271375206481
"b_i[582]",-0.0850454077873045,0.293616041189016,0.438514417174058,-1.31271399855769,-0.215306944521109,0.113135496048745,0.189130325695103,0.282446386787457,2.23053064914764,1.60191606835658
"b_i[583]",-0.0712062405146507,0.163034954842567,0.511705826000375,-1.6440140658522,-0.0938395896395182,0.0219288295397159,0.0664484389486509,0.95808560814917,9.8509761642428,1.37876935337852
"b_i[584]",-0.0153919782714598,0.069315116475581,0.209814068086397,-0.486441808622719,-0.0729272033046166,0.0072371511321828,0.0425309393186999,0.472019677118634,9.16248536726991,1.08910193034605
"b_i[585]",0.23937418371493,0.276562503112909,0.341775213201862,-0.199264663999177,-0.0493597549451738,0.12087983446119,0.555754100453716,0.928898813425496,1.52719513267735,2.60162520418068
"b_i[586]",-0.0930170816585251,0.121699973969019,0.44825757171201,-1.15508725245971,-0.140592006485618,-0.0259055745641472,0.0199105909037844,1.03736892379607,13.566702376087,1.02485123725396
"b_i[587]",-0.124769941639734,0.135939968868478,0.45475968531854,-1.41207364101135,-0.0511520890634459,0.0408093529703706,0.0606323863831658,0.452338039232718,11.1910176921107,1.12595880885557
"b_i[588]",0.470148801343904,0.488023200859474,0.795075541622117,-0.118253745165984,-0.0179852388029041,0.0158396297707715,0.63440322435595,2.48217021611681,2.65421347312551,2.15044605190943
"b_i[589]",0.185021482218771,0.186983486054426,0.368242654803351,-0.180260014102545,-0.0312362298424632,0.028207805664232,0.245704549871403,1.14869347488003,3.87848111454872,2.2052329241816
"b_i[590]",0.0806102143347107,0.0521912458335787,0.285620479512333,-0.782739102699398,-0.0176737079871291,0.154734956003262,0.221510481618642,0.608247481009465,29.9490713309532,1.12065060256552
"b_i[591]",-0.441546038640302,0.277855002613454,0.46164033824241,-1.49859243067613,-0.632981633851034,-0.294866645069466,-0.097187639958718,0.12395279730422,2.76039390822401,2.11126070315751
"b_i[592]",0.085028406502734,0.134348142112709,0.385924168095013,-0.693089867393513,-0.00521483535277405,0.017415126974425,0.0582253683933194,1.21488732034952,8.25164666670917,1.12716363346711
"b_i[593]",0.409493270378523,0.611676270917705,0.851017823057008,-0.338437571634046,-0.221216772162307,0.0131296790446557,0.974622721626918,2.31514154497462,1.93568215084561,3.81895310345281
"b_i[594]",-0.16069266670537,0.102808872086419,0.298024402412098,-0.749115944632578,-0.308171463322426,-0.140838295028417,-0.0111108875966158,0.58272321679287,8.40315670613513,1.11565201438256
"b_i[595]",0.378344609022633,0.23912862244292,0.483621720861056,-0.0791727184160891,0.0558286602948478,0.185585307492068,0.599612551574034,1.63195989724771,4.09023699168173,1.57635540016712
"b_i[596]",0.465105354411446,0.214851691089243,0.469619666810399,-0.0833347669748455,0.206275216840015,0.32889199167423,0.469303761519424,1.68189027439291,4.77765735220934,2.49107495327247
"b_i[597]",0.106394523419041,0.0924797344647321,0.321387864688226,-0.452455173204642,-0.0497030817966318,0.0444338055529357,0.22091572414602,0.923846663116512,12.0771872586419,1.28673693245683
"b_i[598]",0.0270482152151078,0.0854654145272078,0.446916834905269,-0.936918623945959,-0.0721866588408877,-0.000991915298231826,0.0591272796243769,1.34337875972781,27.3446659328236,1.07712429936523
"b_i[599]",-0.133335038847335,0.15711065823872,0.32320020208029,-1.07118708272062,-0.206405217667312,-0.0182944947097522,0.0529258139939268,0.175260202175163,4.23186642324792,1.87007569796676
"b_i[600]",0.101242667681124,0.133091753858183,0.297117782046241,-0.132833163106705,-0.0470293654051726,0.000917177834931143,0.0218112181997375,0.957648046738538,4.98373558582284,1.53062199764978
"b_i[601]",-0.192263719498984,0.149075468901072,0.447788267906685,-1.35667074247715,-0.218108325616516,-0.0732229622998984,0.014960248435344,0.558793457736663,9.02262803454233,1.35663288246326
"b_i[602]",0.139275120469749,0.086986813879066,0.383293863180857,-0.646158527560824,0.0208331271015833,0.174579967868041,0.226331514743305,1.21300313770171,19.4158712724045,1.11966226174702
"b_i[603]",-0.305287299239046,0.224492775622995,0.347364203522612,-1.10964294402018,-0.554148020939708,-0.123327979167881,-0.0444105987516645,0.0124543051773136,2.39422733076785,1.43919757195512
"b_i[604]",-0.291573001345198,0.194721346989766,0.345345781788093,-1.17669391816888,-0.486395687370508,-0.140875702076634,-0.0815130117839096,0.148238041036998,3.14543837616019,1.37870079817037
"b_i[605]",0.35842885994933,0.263355295914129,0.510355989746028,-0.0952187873143358,0.0304757699714924,0.12968830697326,0.353197274480455,1.76536947115612,3.75545290432358,2.32444181731865
"b_i[606]",0.275214703160655,0.0840481909118005,0.331725028399626,-0.403096182408783,0.0187901317158853,0.331528699787521,0.419863069503886,1.17311776241985,15.5775710225254,1.13588606254095
"b_i[607]",0.228367956696731,0.211912908496961,0.451580910330702,-0.29571965379112,-0.0125286272915367,0.0248288738674544,0.320019527594452,1.41768980361775,4.54105043121007,1.35729025005824
"b_i[608]",0.0685166153311036,0.144264867373506,0.313767535282502,-0.201041411586804,-0.0974265383447963,-0.0545888862597476,0.0871941669600327,1.06076730660286,4.73036715862459,1.46229370671224
"b_i[609]",-0.452812932196671,0.497283285784468,0.642992887663507,-1.73267005123963,-1.12617520280883,0.000649781821672473,0.0186609760267836,0.0652965579581385,1.67187811710555,3.17718927853419
"b_i[610]",-0.386832513735334,0.388333837819804,0.56736627371487,-1.75989723798983,-0.731242765617867,-0.112878069970972,0.000312869336026887,0.12622030449041,2.13460028334802,2.62281624622166
"b_i[611]",0.0408873938145696,0.209202185038771,0.396522392595092,-1.01110236586419,-0.00317773083480188,0.204889850942636,0.27408110143469,0.496352555409403,3.59255150799703,1.26432614668312
"b_i[612]",-0.0327047591544797,0.143995215798976,0.444094886517509,-0.68651648658368,-0.219478187933623,-0.165076834581573,-0.00816095140155882,1.20409650664171,9.51164031760724,1.34106870542285
"b_i[613]",0.142557639211977,0.110139997138315,0.239045670348762,-0.241638897332838,0.0146170058010883,0.0546577924485531,0.282925072127453,0.673396058271489,4.71055026503629,1.2393249080911
"b_i[614]",-0.328336279177855,0.136889282506331,0.390386244116755,-1.52986784304363,-0.388038133703291,-0.219144754724524,-0.0668916928637847,0.0461244184075286,8.13298774787186,1.44330596931635
"b_i[615]",0.326310466198412,0.163377432186551,0.402450411843078,-0.217812603565253,0.151472273524491,0.207617010377158,0.345967060068327,1.3838639923355,6.0679308150234,1.61042640043525
"b_i[616]",0.0990696105878337,0.0788658806329157,0.351537583515629,-0.66553309049125,-0.027761994247477,0.153837658589667,0.238017732520378,0.924752372923822,19.868506001973,1.15876289282712
"b_i[617]",0.262253751996191,0.0720229659529805,0.33384332943308,-0.31172772605347,0.135384408467232,0.18317352811114,0.284835226605863,1.28465408547026,21.4853979503826,1.05325055198658
"b_i[618]",0.348330513048789,0.381074773358816,0.559760292663504,-0.210394882934434,-0.0547473854530793,0.121861262860476,0.72645534881942,1.60084039190581,2.15766380310525,1.51595566259189
"b_i[619]",-0.530144294869978,0.41457501109509,0.571451464464989,-1.74831301935182,-0.989854583023383,-0.152780923748061,-0.124918944944857,-0.0272716419154829,1.89999499962088,1.554505844308
"b_i[620]",-0.0407370745042471,0.07505006818551,0.387222999846468,-0.943885805506347,-0.202889054707621,-0.0443786399111525,0.145641302619655,0.801240536762597,26.6207390331667,1.01466470826756
"b_i[621]",0.0570737534817654,0.0657261448935173,0.324277090567385,-0.534661543146654,-0.0705185258747637,-0.0148452852491482,0.159378909285991,0.825070975109699,24.3419976368587,1.09493556314508
"b_i[622]",0.0793876141959975,0.13110728965043,0.44428539622503,-0.929297463493179,-0.0502734796212676,0.0634238277982429,0.162637816874655,1.27466053675583,11.4833974763122,1.17413461267727
"b_i[623]",-0.364609621635184,0.199515208353689,0.425417682702593,-1.46522502793388,-0.455761930594783,-0.158486709421392,-0.122228741489209,0.0156953210641831,4.5465195524796,1.77887228583178
"b_i[624]",-0.455847236000376,0.348196821918597,0.562882443904416,-1.86834774466826,-0.688071957294289,-0.239062138341268,-0.0654376759778752,0.15434696498286,2.61327913523524,2.26763519928765
"b_i[625]",0.181820188068814,0.288498919116778,0.353280341499891,-0.133707920092312,-0.099154054841144,-0.0305099232834141,0.470681537878496,0.892008605149705,1.49951412931806,4.06279611484618
"b_i[626]",0.254957187512312,0.0523333091245854,0.30843401187745,-0.328256069203512,0.133224764981525,0.207869639478488,0.30805174947701,1.02525915812023,34.7350663015088,1.03410874647345
"b_i[627]",0.13051666901466,0.133372497985859,0.311184025225671,-0.161539192921715,-0.0162544761345679,0.0305544972179714,0.0603187009667791,1.05756686872762,5.44379820083911,1.52236680755748
"b_i[628]",-0.0550624525773381,0.177986419055009,0.517936704519613,-1.07518478456361,-0.179569891077536,-0.103784975566985,-0.00400961790962345,1.46126967119855,8.46797656353024,1.23838448154092
"b_i[629]",0.0185404036070508,0.0747172517388567,0.316195397134549,-0.875969654894819,-0.0298660830127555,0.0445918329664453,0.108830894914128,0.649790661476228,17.908916383544,1.22115463439929
"b_i[630]",0.056269452830868,0.210874119888816,0.402156587292087,-0.44953497732542,-0.13886232495716,-0.0463857101107212,0.197777187153222,1.14350612899286,3.63700424189642,1.27343697279027
"b_i[631]",0.214750140336966,0.139828395639521,0.295627963492546,-0.195017502859904,0.0112380468945013,0.121552108836366,0.340659546338406,0.958745988051937,4.46992538778835,1.23925623861245
"b_i[632]",0.138024049783628,0.180866820386331,0.452200917251175,-0.438245744078632,-0.0849172641655264,-0.0294733325189779,0.092673256583968,1.41821091413432,6.25093625667573,1.68886243254975
"b_i[633]",-0.27189100766543,0.145175712777685,0.402490686451002,-1.4147572827312,-0.35822193446077,-0.150274219311763,-0.032235299304037,0.19955975485821,7.68641336786593,1.2037226256498
"b_i[634]",-0.101354707388986,0.205707168347805,0.49688308340969,-1.58104649260641,-0.0697988725124681,0.0661605262743392,0.136501872299942,0.398894772132464,5.83457961853663,1.46267451250091
"b_i[635]",0.031293133616761,0.195212324612234,0.329909575005574,-0.886798552570706,-0.00647639812976382,0.150947787276382,0.224141857068316,0.361820051678636,2.85611292373162,1.52837962818739
"b_i[636]",-0.119447544243374,0.0656537802598246,0.342470177771393,-0.8558795302053,-0.258969779461122,-0.124657941793399,0.0147020025304758,0.731381419694065,27.2098434993671,1.08707282370308
"b_i[637]",0.0875825071343884,0.0973610421388606,0.318540720165185,-0.603454104485436,-0.00277922400330049,0.0783465872394571,0.146048052577961,0.962597899388416,10.7043299529716,1.28957645690183
"b_i[638]",0.206421123985517,0.148853221045207,0.387430527304134,-0.557685473221293,0.00574490818680486,0.280577703196512,0.357901112464502,1.17940101765119,6.77440569861291,1.27109040273635
"b_i[639]",-0.000583365027817011,0.147701430338056,0.422511349430039,-0.705929212871979,-0.185016229649871,-0.125354482041432,-0.00629905291867186,1.10916317640117,8.18290212623399,1.5077456337147
"b_i[640]",-0.262527562102323,0.0987634226269445,0.41417704939722,-1.39911901949573,-0.325665625427616,-0.126857017628209,-0.103118024837879,0.540685263764869,17.5865153686865,1.08222725949298
"b_i[641]",-0.130158762037204,0.101856552473889,0.426486639572171,-1.30445238086239,-0.123941973543387,-0.00692337523436427,0.0173813329151484,0.601370872313066,17.5320587067119,1.08943131537537
"b_i[642]",0.0318619207845876,0.0912859442571271,0.204782718390319,-0.241994070148361,-0.109075385797929,-0.00653715027468801,0.103159698861604,0.540108389553515,5.03244205523826,1.29542311484691
"b_i[643]",0.174556083252992,0.0846654172840363,0.241857889756184,-0.275816558182801,-0.0174790396111688,0.237609244370511,0.283583430777516,0.738888594588851,8.16034297223508,1.19236622204691
"b_i[644]",0.0679651428589271,0.0464704900961155,0.211313782403666,-0.479874189719331,-0.0351441814826546,0.0766594364898651,0.196588299865949,0.496501983528529,20.6776481906013,1.1159402064792
"b_i[645]",0.0867445967902457,0.194537374837172,0.521806373240991,-0.927283814481971,-0.0832373106247495,0.00496112408877148,0.08327628171494,1.57842613419456,7.19469944619973,1.42660460573174
"b_i[646]",-0.0140216046650257,0.14585556262198,0.40155769462273,-0.493172640621318,-0.225748665398787,-0.170511654106427,0.0188180774564179,1.12831412591823,7.57966324332261,1.21121032315425
"b_i[647]",0.124526120386305,0.206927996709344,0.382978834569935,-0.258082079687586,-0.0927805065210973,-0.0447094998267108,0.223485525415231,1.31887362187883,3.42539799994795,1.37983214092572
"b_i[648]",0.0221019329054663,0.120888708504056,0.448842614854541,-1.25046169826011,0.0123310914092684,0.101163181426842,0.121754097969688,1.03549615120359,13.7853149197913,1.07560767732802
"b_i[649]",-0.117157794145692,0.0754887624311864,0.341420547793353,-1.07882701715333,-0.10098714114895,-0.0515632843234411,-0.0272725044994828,0.575816884161868,20.4557166130062,1.05190916512772
"b_i[650]",0.322935845111327,0.257940384412555,0.431722577934841,0.0261535037949864,0.0598154459201206,0.0750104457726982,0.449563474385015,1.60779129515524,2.80137235080649,1.61577666726091
"b_i[651]",-0.0505400175363034,0.215768408111819,0.411057805764528,-0.548164382440258,-0.295261303471944,-0.22372224623871,0.111803746683215,1.05593205888734,3.62936029995672,1.2700135946702
"b_i[652]",-0.119683882198588,0.101566805264915,0.276448074332415,-0.624893495170631,-0.267477620997857,-0.20855936145894,0.0319869216417589,0.485092173278012,7.40838517359517,1.3397318373665
"b_i[653]",-0.0228437148020241,0.0671917542795869,0.228985724643487,-0.529889895290671,-0.141386142721121,0.00585733778042765,0.10356709331742,0.48288674367842,11.6140811707003,1.3256269632501
"b_i[654]",0.276353788172844,0.227536636128164,0.512118449312201,-0.210492216161328,-0.0503790206577213,0.114526161679728,0.291321359138991,1.61755942949095,5.06568495986054,1.63029634156702
"b_i[655]",0.189344078819547,0.16390588047658,0.599357717317954,-0.959278763610081,0.0399003894094897,0.139165040649159,0.200794315828335,1.92079139905313,13.3715925049193,1.10815697920238
"b_i[656]",0.387926145389687,0.505888859507688,0.725220736314718,-0.215163529381111,-0.0801310388217262,-0.010574775940572,0.686067466927973,2.21869540573999,2.05508692218571,2.47736931712733
"b_i[657]",-0.18679045045711,0.080138653239848,0.32996548942094,-0.926291889657884,-0.321884711089689,-0.208534167314534,0.00126178952906494,0.585447274636833,16.9532497821851,1.05591418430285
"b_i[658]",0.191315967294135,0.170102284944629,0.38663368233385,-0.227478545462676,-0.0179693839245178,0.0469316986373305,0.241886336995897,1.33417922354963,5.166293518629,1.41831209634061
"b_i[659]",0.169165830204396,0.0482376334465217,0.276622008336685,-0.413259685536378,0.0404238431602608,0.191169278979308,0.281475284978153,0.817201566426896,32.8852747065739,1.03940506138476
"b_i[660]",-0.00917328374751393,0.216077506386702,0.276598390893909,-0.618627252787013,-0.224693679071759,0.131064865265311,0.207508414772478,0.290786667856556,1.63862727707418,1.64655700005172
"b_i[661]",-0.328657137970405,0.29684466422206,0.50013983504655,-1.6234173860483,-0.499631098901333,-0.05598062264895,-0.0246652136363013,0.0610933029971998,2.83873203815774,1.99159485494863
"b_i[662]",0.546046052434771,0.49744985821752,0.683697896267065,-0.0571290122154685,0.00579198513747233,0.227322109296861,1.06989074624196,2.07954481605738,1.88899089374253,2.5817210876766
"b_i[663]",-0.123320682974938,0.0893867630964412,0.297894954511684,-1.00436706820474,-0.0840088502049172,-0.0479123350886692,-0.0143014444678938,0.362489051845416,11.1065678397518,1.3448687352363
"b_i[664]",0.00407224689213918,0.0938952731196817,0.38874726764116,-1.08351591496908,-0.111956530819284,-0.0365366013662975,0.131749271380889,0.870757277817219,17.1414375192163,1.03593046734921
"b_i[665]",0.290613220581644,0.180047475912697,0.291319133769294,-0.0636400343621253,0.0827976671580897,0.198809135242553,0.407210102812306,1.01932851706208,2.61796565703901,1.54071267022438
"b_i[666]",0.11849252893802,0.0635652215026267,0.313660342945795,-0.486220329809034,-0.0249775032685019,0.0805958904222135,0.175505956741475,0.984863324183438,24.3489420763555,1.19429536292593
"b_i[667]",0.413269312316919,0.240642865418207,0.524953317038011,-0.193041658551733,0.134164090957222,0.199872644728616,0.550645755445655,1.9491783288177,4.75877737405832,1.37314071604622
"b_i[668]",-0.137747677041861,0.129211591550779,0.364782166811779,-1.11956842595554,-0.213314413446817,-0.12224916232852,-0.00923403055751859,0.562875637850079,7.97010872044724,1.54102664187096
"b_i[669]",-0.237779235427525,0.315924288790518,0.597291334141232,-1.94915461888439,-0.433622524480738,-0.030714998725362,0.167221304011492,0.324563257201683,3.5744266926892,1.5797649105348
"b_i[670]",0.15042482335346,0.363153483923103,0.44036705859343,-0.275316443223482,-0.193978502250476,-0.0180913296482247,0.448864487395329,1.18636299154872,1.47044646914137,1.82835787749075
"b_i[671]",0.166641984462579,0.236139353484401,0.392509210040326,-0.260212644117151,-0.0817161402567499,0.0106974806538086,0.342382407442145,1.19130588909277,2.76288598672047,1.36646054093302
"b_i[672]",-0.269938071729979,0.325920129375739,0.567840287584387,-1.68406904767114,-0.447892466657339,0.0451466886872145,0.0620835828340304,0.178635533492546,3.03549859227604,2.57720815230944
"b_i[673]",0.080022324829801,0.102255839026312,0.336403517281167,-0.384280066607152,-0.0730487071453218,-0.0214703056531996,0.0596027971396797,0.974214987725282,10.8229293337223,1.34622922524879
"b_i[674]",0.0428285189303594,0.180614388326225,0.27692644068787,-0.210670527453724,-0.133418474693599,-0.108975948212961,0.199419626232567,0.792534236818267,2.35084588133703,1.43297554807328
"b_i[675]",0.0641091846468182,0.0799574683859019,0.370397447239234,-0.830857320562323,0.00181025163925078,0.0204186268443985,0.0724344421931753,0.977496431880732,21.4594160435772,1.00880650563904
"b_i[676]",-0.00844166278532952,0.196309373647094,0.339294411459495,-0.948959329093867,-0.0991695651630261,0.144943905070326,0.189620209952306,0.364238661055816,2.98724840602302,1.50238006861489
"b_i[677]",0.0395437725642949,0.163670780329843,0.47709112354694,-1.01511433987541,-0.192811668710682,-0.11417111439676,0.283698990860794,1.04223376702773,8.4968972568288,1.29696632278501
"b_i[678]",0.216410068567436,0.234767111098184,0.478125358344717,-0.223176031945835,-0.0817323065030444,0.0411463917002801,0.280856331308732,1.63713012631897,4.1477163090415,1.74661943470572
"b_i[679]",0.0188946273317452,0.0540695777743489,0.368562698291304,-0.892025412026369,-0.0161704493970399,0.0406386327491094,0.0805629805163969,0.927476673223257,46.4640220870962,1.00990925938592
"b_i[680]",-0.112266569919331,0.0976542286214631,0.42797946119838,-1.25538035439018,-0.231330141351247,-0.0434782533270264,0.071352744809784,0.659395825007403,19.2071862463572,1.11064043780234
"b_i[681]",-0.279972127653898,0.405853725646862,0.501196431509902,-1.28544791301669,-0.787582511514491,0.0328817296277255,0.114244463526792,0.16938514672388,1.52502465959485,2.44132820835616
"b_i[682]",-0.0934257439470707,0.0999360229933952,0.338025537303454,-1.0759019555781,-0.187598778631207,-0.0501745470904809,0.019062402537211,0.520537761132706,11.4407606165105,1.24996704474028
"b_i[683]",-0.25094057806328,0.374374018526244,0.447113600187928,-1.2922138011224,-0.6074768363628,-0.0949347118524497,0.0746002165239885,0.467273941961579,1.42634425860855,2.1854658217944
"b_i[684]",0.142439333674451,0.114634223348227,0.229674230373848,-0.249180482147806,-0.00770808036217688,0.10737806585474,0.27292403830793,0.603971890234333,4.01417178099462,1.2597962923008
"b_i[685]",-0.161724853448186,0.157090733207508,0.395996662486027,-1.19336348209386,-0.153474328864073,-0.0996669706297807,-0.0575989482628908,0.548908844477578,6.35450781027638,1.82643787607398
"b_i[686]",-0.303369031770274,0.664143631493844,0.862759245554031,-2.35533644843711,-0.674264716556076,0.11645001866811,0.33952242391428,0.469244915076446,1.68754444204577,3.50887139737644
"b_i[687]",-0.206713484852963,0.252709142043524,0.406529759103923,-1.28830814625965,-0.324613746398041,0.0215962516699654,0.0394938331849716,0.0822118177281012,2.58787192263196,1.6071485461352
"b_i[688]",0.157173030575937,0.228449040922366,0.389911654252996,-0.294778216076267,-0.092271723652013,0.000651958456342013,0.353279678364072,1.12478000868032,2.91308900581339,1.43905737213029
"b_i[689]",0.132091228121854,0.185203118352896,0.354066786770077,-0.707036479465758,-0.0361630462163051,0.247331801450915,0.342918941087157,0.726819737359022,3.6548856156526,1.21111088285366
"b_i[690]",0.133760368229369,0.148979713037577,0.363289147901556,-0.363900191411804,-0.0390010796574221,-0.00399967716189984,0.195909384117145,1.08511633851777,5.94635157390256,1.31668979954222
"b_i[691]",-0.00752447679786122,0.153249319501008,0.398283706746049,-1.07149621314001,-0.0502753747069736,0.132838379683557,0.177269167574769,0.661624875236418,6.75441858568187,1.31847497358151
"b_i[692]",0.0666007159336548,0.184003289280313,0.385994158797249,-0.478065095850195,-0.122540030582589,-0.0803005008595039,0.0312781904891469,1.19980838926662,4.40058376266198,2.04271741032355
"b_i[693]",-0.0974344085952927,0.177740614860326,0.554532496051107,-1.60652126689909,-0.227404815514098,-0.162330551193726,0.0502542836358679,1.12576995669775,9.73376027358905,1.21339856985608
"b_i[694]",0.139189798713871,0.180643595420094,0.672548084632423,-1.47304422277369,-0.0443539829640236,0.191895666501712,0.236511660397381,1.81985885132591,13.8612227654172,1.00569271592488
"b_i[695]",-0.159631964171381,0.187357953572269,0.447644343046196,-1.50893055250461,-0.127623439886898,0.0188958157668634,0.029497746239718,0.287238777674015,5.70849904757571,1.42125161707642
"b_i[696]",0.0728870393981117,0.277098563644026,0.367650829090037,-0.390562246401508,-0.201044738780254,-0.140136128979709,0.359932931441091,0.904951580344822,1.7603642904474,1.63841061595043
"b_i[697]",0.285450642549478,0.110181412619464,0.414915267185901,-0.877293061784497,0.0913845610119745,0.352792111627652,0.437548590292942,1.17630043478602,14.1808465825788,1.26830080220647
"b_i[698]",0.337411277349639,0.240249163778191,0.405331624480543,-0.0531813844845156,0.0765688476292945,0.127600830621954,0.618791983166621,1.32276870406008,2.84640837840338,1.53367853109677
"b_i[699]",0.178574456547932,0.0805677409352337,0.308706788788698,-0.227877259871987,0.0212544723699889,0.122175830284392,0.194332332533884,1.18058254901282,14.6814850555571,1.10797295044457
"b_i[700]",-0.401680842232523,0.67316670365272,0.804679005457261,-2.03429491650334,-1.18362069957441,0.0789749298497771,0.254426329342956,0.341253509653543,1.42889424693539,3.19957532367148
"b_i[701]",0.14640150647678,0.0451024167685421,0.163017753954215,-0.128179909051975,0.0355159642152639,0.141930039502709,0.211215324366934,0.579618249125706,13.063819849918,1.38399972009183
"b_i[702]",0.100952631255878,0.0353739297048502,0.133132236203642,-0.216598156529046,0.031055210891096,0.1173504269368,0.170461989343746,0.390877967957637,14.1644539495504,1.06799548655741
"b_i[703]",0.247072432246114,0.154532012966656,0.438180534865121,-0.209038187598071,0.051531014739799,0.108188267165945,0.205711051422348,1.71432967861383,8.04024418451766,1.21378979406859
"b_i[704]",0.0145315971124098,0.054295141942769,0.274252783825037,-0.488319461883471,-0.11446890006889,-0.0219308969351394,0.0427510628618682,0.702170801434767,25.5140935485847,1.05998216512435
"b_i[705]",0.00146485366941328,0.10804827786236,0.321834434303541,-0.781152470905051,-0.0138328615070088,0.0225071018504266,0.0853594015207386,0.721639354943961,8.87215906959951,1.36965497381413
"b_i[706]",0.0423262112264652,0.0397362665423221,0.243724779620931,-0.535307422897437,-0.0604334558273049,0.0123556587059981,0.176757095218685,0.507784971606127,37.6205596960299,1.06990182537386
"b_i[707]",0.0205111850735365,0.0656329580393045,0.312440398527158,-0.70410608102784,-0.0448598420809064,0.0331309797813966,0.0818183252253963,0.794696889215884,22.6615916740218,1.09972751013481
"b_i[708]",0.379706831520143,0.433308736231149,0.633507292630663,-0.213029967121243,-0.0690514674694186,0.0425157543675905,0.787791794332647,1.92577003269126,2.13751094319096,1.87893461312343
"b_i[709]",-0.0460168568448876,0.0905114250924379,0.376984967537109,-0.92248583512745,-0.148610648931489,-0.022354866257615,0.0644367557851922,0.756359514306018,17.347674308461,1.04162823373354
"b_i[710]",-0.064334436540006,0.118363237206895,0.432425022652127,-1.38314283973006,-0.145111863383133,0.00726144931608155,0.126699528161592,0.682509154524473,13.3471322799815,1.18390035335521
"b_i[711]",0.0725184877898773,0.118244514268503,0.365464347628258,-0.44974825397358,-0.0789784351273272,-0.0266548021071524,0.0325103695361939,1.1297101078867,9.55274158237897,1.27776250577978
"b_i[712]",-0.0287136244456177,0.0977167558775103,0.247953957017759,-0.432801608752744,-0.164156244564593,-0.121586163156125,0.0163389640003652,0.617941445425844,6.43878622576299,1.17709241406075
"b_i[713]",-0.125093466114629,0.0657336832187103,0.297892999327724,-0.863726478936188,-0.207817892270427,-0.140526408906336,-0.00186365913316664,0.569695718870468,20.5373620459898,1.08053179366592
"b_i[714]",0.01922698368602,0.040355216545807,0.227169028363483,-0.432378541852688,-0.0526538033344796,-0.00654642943969425,0.0530764772365687,0.653464623265107,31.6882953201363,1.03742918149022
"b_i[715]",-0.107187611830903,0.209180170641342,0.362743822931177,-1.08943648212419,-0.150439922323656,0.0339749725881275,0.123902511137679,0.208254208365393,3.00717723829058,2.2338117703061
"b_i[716]",-0.164184090312889,0.108840300826172,0.328475420530457,-1.08011957413599,-0.179661483504741,-0.0779154869615247,-0.0330938617112885,0.376030621781734,9.10806848942723,1.30224224359965
"b_i[717]",0.0110168407681173,0.140088768992456,0.412046089288262,-0.860783245071319,-0.111101036169135,0.0126230463078752,0.0849473829010939,1.01813367923479,8.6513713744815,1.09339226196555
"b_i[718]",-0.289868381744316,0.193582840200613,0.349736572799869,-1.21024537501743,-0.412112182767567,-0.125568339951282,-0.0641909948201165,0.00894712583504406,3.26398673395597,1.54241718302296
"b_i[719]",0.164230969644157,0.0560099748959595,0.33243670305103,-0.44655833339391,0.0178840261278798,0.123177851737435,0.279080715314611,1.17665254945875,35.2279342451104,1.06618434515599
"b_i[720]",-0.174933811031889,0.138815676086315,0.34708354048391,-1.1440687521756,-0.265991973559661,-0.0529634861931809,0.0402161316577564,0.225724789953393,6.25159755379472,1.43051426639982
"b_i[721]",-0.241639546549525,0.315746091966654,0.484051707670609,-1.4836783009121,-0.467167484196969,0.00242028197553195,0.096760450276642,0.187414631996324,2.35021473774458,1.93505297200801
"b_i[722]",-0.0507108229381638,0.0365779711836475,0.265943670355751,-0.735018322275058,-0.104358092339777,-0.0767196252642941,0.0357448883795014,0.523763572606452,52.8615738994575,1.0511963359266
"b_i[723]",-0.0496278020042481,0.133119077719398,0.426763032415072,-0.583337578872743,-0.271668878630216,-0.21671797489047,-0.00422018267671178,1.17187013138757,10.2776301388917,1.23655504317052
"b_i[724]",-0.0771079259740421,0.0685743923378151,0.26409508678908,-0.911074161574972,-0.11287835242255,-0.0356549639428861,0.0484792584309862,0.324425246971262,14.8318972327488,1.0111698196518
"b_i[725]",0.555394632476068,0.668344715716718,0.893824315538602,-0.262025279252947,-0.104646846501727,0.0222871525985488,1.26303689391954,2.51669204087701,1.78855908951358,2.77392041214194
"b_i[726]",0.416771945792159,0.112755117198279,0.478762850247222,-0.565620214580838,0.0817529673472553,0.473156975313137,0.596906850358113,1.63240357702989,18.0288641483394,1.10950696183184
"b_i[727]",0.189666992951402,0.32892589723671,0.414342562963059,-0.22721622633189,-0.121242822838145,0.0133211703184871,0.460331699827676,1.14388937377685,1.58680280733206,1.75312322943611
"b_i[728]",-0.0206421047574802,0.110848576333477,0.316944306148149,-0.626516269246497,-0.223563063782447,-0.0457951572624399,0.103645751536678,0.776923118379632,8.17533709271222,1.35295126038839
"b_i[729]",0.181638999822238,0.183421875435383,0.420658132117855,-0.384007724948399,-0.0476503423799168,0.04877393234758,0.217870845902528,1.3657592785734,5.25964362402398,1.51961253797967
"b_i[730]",0.0336126412033215,0.0662478293912414,0.388323425316464,-0.996806129849551,-0.0297069662452107,0.123744944493609,0.177131359937676,0.720704585388204,34.3592656534098,1.07697626923751
"b_i[731]",-0.187987168757664,0.131781842113541,0.419534860301907,-1.40327695289438,-0.146634562178148,-0.0621311380826501,-0.0040205093870135,0.41383851699607,10.1350281359797,1.31555988036833
"b_i[732]",-0.149097214773468,0.121692596812979,0.405591549969567,-1.20614002062304,-0.229490262465775,-0.0776228229689505,0.037249647826145,0.583876181890153,11.1083480686903,1.35574798079596
"b_i[733]",-0.0436167983369451,0.105068165126479,0.40384693551369,-0.852231194861908,-0.251937271584471,-0.0309097279768362,0.0958283765290221,1.07739994418827,14.7737684318396,1.19529193494192
"b_i[734]",0.145429373673519,0.230341142320085,0.490589464041904,-1.0746385475852,-0.0258356094644182,0.334188935567344,0.443652094349061,0.963778259450511,4.53621260926261,1.26751907238053
"b_i[735]",0.0192133574646382,0.154062286916134,0.458911089628449,-1.00965198552785,-0.0694248502802986,-0.020502679833558,0.069865854413684,1.36197376501441,8.87287625306636,1.10364199443925
"b_i[736]",-0.0189346494171337,0.14588487328186,0.324388766447441,-0.378965506286716,-0.190438288951582,-0.129005943837715,0.0144502983927102,0.995497042609138,4.94437142082192,1.17994368784882
"b_i[737]",0.0733023690540287,0.202311886345287,0.517990064963334,-0.789344075430815,-0.0157803490120248,0.000501157836577686,0.0165342000336562,1.54248730050555,6.55541304855228,1.59358423462345
"b_i[738]",0.0607229865797027,0.0594447810672297,0.271256958137693,-0.438654731981957,-0.0318268844247306,0.0280062093371063,0.0909140701434929,0.893874054059486,20.8225690423415,1.05211815908104
"b_i[739]",0.352794576458419,0.470003771932182,0.571751366610274,-0.157180439073891,-0.108705641145463,-0.0211822415734958,1.04969308868377,1.38322700960358,1.47982968896093,3.65595349878139
"b_i[740]",-0.0428135791810126,0.0448303268050924,0.245244928870111,-0.59790956639664,-0.0625803893539313,-0.0424644270725986,-0.0143750421082641,0.615575411995125,29.9265230479323,1.00211500460898
"b_i[741]",0.239044449662392,0.257846739074362,0.415774965442688,-0.158677319357796,-0.0159248520361183,0.0549259644040378,0.387769194739734,1.31302925212342,2.60011996213629,1.41672126156187
"b_i[742]",-0.354461626872334,0.251259112790386,0.493938676718328,-1.6586623117678,-0.519210940119637,-0.15103147971724,-0.0561966877601555,0.143557658896602,3.86458108559059,1.44632308733354
"b_i[743]",-0.299413480531127,0.369178053550125,0.568930562922412,-1.64808247817645,-0.802545615975458,0.00899636428976823,0.0841738947509512,0.180333409261762,2.37490793159186,3.57790933093021
"b_i[744]",-0.08465997651598,0.0661339138792361,0.270044939494033,-0.85173384634764,-0.103116250342981,-0.0562864568859479,-0.0262915004945699,0.4431734815238,16.6733795107995,1.14505630204745
"b_i[745]",0.251937045342397,0.146266286785776,0.342100606892039,-0.192405274102198,0.0249858330917472,0.162116781444477,0.32729163109052,1.18603514742992,5.47040167941909,1.67700109889371
"b_i[746]",-0.0571115125138395,0.0696169782143412,0.293436807316125,-0.838691340089956,-0.167936880636764,-0.0725387414023111,0.0231160559142802,0.576048598095934,17.7663756549877,1.0426295695452
"b_i[747]",-0.133197219714318,0.162507115508466,0.401209760532972,-0.819450374207495,-0.338290488629377,-0.274703625376912,0.0334478160852771,0.916682257821954,6.09534393979104,1.48107663895016
"b_i[748]",-0.175324967007135,0.0819003599184994,0.381963244967649,-1.33554085563166,-0.167657117454733,-0.0903202422493427,-0.0375647042096647,0.459068718594067,21.7506143326072,1.06515002600077
"b_i[749]",0.0676472984469799,0.0771911710208772,0.340073170282128,-0.758144647950235,0.025032256909088,0.0927069502590783,0.20238256193475,0.768060398368432,19.4092825071703,1.02116995353834
"b_i[750]",0.0269423336299478,0.0848552192926477,0.319627925374468,-0.914366514160474,-0.0193515700933943,0.0930923398622737,0.189574648950032,0.532609767393218,14.1883636672958,1.12336273802431
"b_i[751]",0.0154986310333312,0.0515240164877407,0.318486691333162,-0.700265733202102,-0.135742764438001,0.0151094887995704,0.175934614751304,0.706586623468679,38.2087787837167,1.11175675447777
"b_i[752]",0.0413852703487558,0.338081946673725,0.491425383441056,-1.29516307556984,-0.195940787004691,0.253697446576825,0.409221088605172,0.507987264916776,2.11286237596897,1.46889625245666
"b_i[753]",0.221292759189588,0.101695637146617,0.55086429341001,-1.13291766671112,0.0856592507662278,0.247413727872975,0.299570782948595,1.38866780649302,29.341654712412,1.02814427009066
"b_i[754]",-0.511375423631304,0.410443025287428,0.657864448158856,-2.26475953880719,-0.781650975747294,-0.11422369093557,-0.0799487073655857,0.0149405187079352,2.56901756891273,2.0004057463765
"b_i[755]",-0.331207968186801,0.170908807911636,0.300051462179759,-1.17033071057634,-0.460590218594007,-0.201484793125832,-0.131101049454558,-0.0211552037075165,3.08221269558536,1.97614223911727
"b_i[756]",-0.159096956077264,0.116403557529214,0.366226851274001,-1.22007544306723,-0.177117582584445,-0.104625658676124,-0.0243364882968709,0.418520964794152,9.89846516863288,1.17932704264112
"b_i[757]",0.0193034165281807,0.0714286692061082,0.296002468795123,-0.73769569541324,-0.0211600411707225,-0.00425046917245561,0.0200363528288185,0.746674383763333,17.1729754447235,1.07576076591368
"b_i[758]",0.139484200859357,0.0847543000870776,0.333321046401617,-0.619630472110954,0.0541598507808216,0.163634730277714,0.211757584860661,1.0024725832682,15.4668541266936,1.2747766071549
"b_i[759]",0.0226980103945529,0.0553624750357661,0.234672966560816,-0.601324041279525,-0.0456499582026755,0.0505621656406816,0.147901200837817,0.411730773468514,17.9678093945024,1.13333187780316
"b_i[760]",0.0790038317812878,0.0510754099629432,0.316227341282551,-0.664385755906311,0.00294823533438933,0.113789210504848,0.211067638472879,0.718465811120469,38.3332031652299,1.06468215693291
"b_i[761]",-0.220746810213422,0.269614660941014,0.373077771228374,-1.10163958227393,-0.487718853800607,-0.059739392790117,0.0207915854046345,0.302680284727287,1.91474850287542,1.72510105605343
"b_i[762]",-0.249780380819806,0.159668526290001,0.36690085699465,-1.25174229504563,-0.217210765875723,-0.134011042963877,-0.0714370608390148,0.299016702112581,5.28030268663925,1.92586503931601
"b_i[763]",0.0510056919215809,0.178446980823431,0.406445529799488,-0.486092128941849,-0.147752320717276,-0.122034189739668,0.0978475991585355,1.19589577511248,5.18783666201852,1.26497899913861
"b_i[764]",0.103843808936562,0.364320338644332,0.449663857504373,-0.329788355516657,-0.26063668078268,-0.116286671084551,0.335214071350363,1.2730469047312,1.52338308728276,1.92441575148354
"b_i[765]",0.144406537939097,0.0709982931562759,0.284301798273703,-0.397652422094705,-0.00100107783912799,0.096256259064273,0.241285333306781,0.981124527256829,16.0347944529027,1.060160083962
"b_i[766]",0.0595138900248901,0.0535153028895256,0.369043821624348,-0.735888675512342,-0.0468520846147742,0.000270251557420628,0.116474457623079,1.04697531158272,47.5554069291029,1.01524450551795
"b_i[767]",0.0190795635963266,0.187814812257833,0.501203353862619,-0.838748431807222,-0.240242534511891,-0.157121284704176,0.153332169122652,1.38891761320169,7.12144715570636,1.18395295767098
"b_i[768]",-0.125602990365907,0.279171473223747,0.404085875325533,-1.09762051805825,-0.428760581382006,0.0199965856792776,0.169965991550189,0.300175588918087,2.0951024436974,2.03127643801972
"b_i[769]",0.050743310133164,0.111463915348951,0.341400452714179,-0.905133303570196,0.0129861079239624,0.135675718483392,0.23617227311906,0.548244907944404,9.38122596241934,1.28845639841641
"b_i[770]",-0.0807865582756199,0.161038063623661,0.503751893005586,-1.8788478876117,-0.220872446823463,-0.0789605505356437,0.225668841759495,0.753526631943625,9.78534861822284,1.18579268835361
"b_i[771]",-0.117706524602387,0.265270471802517,0.383855320227215,-1.04003915354441,-0.298627977240511,0.0067777278120831,0.102526048152606,0.378220438864256,2.09390661527723,1.62717303778203
"b_i[772]",-0.210079881537341,0.0678127956127602,0.37587881261001,-1.3425855240759,-0.250745676053022,-0.139973215146588,-0.0718448260114588,0.494553720097944,30.7236207139214,1.26349030160043
"b_i[773]",-0.128395325014418,0.049137402138965,0.220796515060401,-0.676846181012132,-0.155634584714484,-0.105744517845858,-0.0604067513722133,0.446048050672003,20.1911030382757,1.00842366970438
"b_i[774]",-0.304568031930896,0.104209330012552,0.340589706255581,-1.31380315335972,-0.373235011766198,-0.235454854606834,-0.139314651896961,0.202861523161767,10.6819324824771,1.3952237689824
"b_i[775]",0.158436798825822,0.100962027802515,0.39384072202434,-0.380105881690309,-0.0298700119338872,0.00150336017183981,0.268320376045103,1.20583882384788,15.2168622251292,1.28160507075869
"b_i[776]",-0.1878203724328,0.221092678209662,0.48208440573443,-1.44187814850083,-0.326990522003387,0.00690656153749853,0.0336895122088295,0.529598459106881,4.75441892055034,1.81742889634615
"b_i[777]",-0.128891842914076,0.159856389662147,0.418479222381325,-1.48522388631701,-0.147395655063159,0.000109030407948708,0.0763700705150339,0.293498607300033,6.85311152650487,1.32291122203771
"b_i[778]",0.177419981805226,0.141284740483565,0.452203985068884,-0.89306553301044,0.0375543994283021,0.121360938442908,0.268126784096608,1.31778060866998,10.2442048441296,1.37612075521268
"b_i[779]",0.165667962872866,0.14566062397011,0.562712206671871,-0.585135063057814,-0.0329948235699204,-0.00381693701322935,0.190968974889052,2.117435016333,14.9241065289992,1.16739187133464
"b_i[780]",-0.00188964348411166,0.0799045739103971,0.40729259105967,-0.739407364483328,-0.157565818970247,-0.0214008751711984,0.0784514952085758,1.28004854385329,25.9818301954621,1.0285109726875
"b_i[781]",-0.338617868464832,0.208130677311937,0.56728792730535,-1.98617396074982,-0.264065194363742,-0.195304912680304,-0.126267251287513,0.437342541477237,7.42907747465551,1.33549136436366
"b_i[782]",0.045657259853815,0.0821860590160026,0.312100024558752,-0.877683444018016,-0.0128594434588257,0.145198612592534,0.181407205867148,0.518941363142922,14.4208644386874,1.10999784470689
"b_i[783]",0.0305468702034464,0.042903910432215,0.311300886991149,-0.672979910700014,0.000939031584895864,0.0232574475523364,0.0578493961574625,0.818968746398995,52.6461917969215,1.00038588810794
"b_i[784]",-0.118712631300095,0.164478253075979,0.368825418671076,-0.847194129576276,-0.33504465586234,-0.229438424601543,0.0628828499352869,0.71488593474539,5.02834096292635,1.19865478355701
"b_i[785]",-0.0902332550584646,0.156386828268308,0.542537050824563,-1.09276761991528,-0.266739214908954,-0.222072626475411,-0.0684206765743681,1.36270961703437,12.0353427035376,1.0495784932331
"b_i[786]",0.00468835675021158,0.121699230279005,0.474120853319979,-1.26375557971984,-0.0243499984333988,0.117082117838852,0.170375783301207,0.80664313491099,15.1775772464949,1.23434514582284
"b_i[787]",-0.136223112299042,0.250030739162583,0.419555331841524,-1.15685510039594,-0.317657406696846,-0.00159529380565035,0.153615122427354,0.346440603664774,2.81573435452829,1.50021791156361
"b_i[788]",-0.0141491997570244,0.0578145260147877,0.328189568561634,-1.03612066276901,-0.0106821199536516,0.0632617010484862,0.0915584815314235,0.514383746466252,32.2237149386502,1.07981308836748
"b_i[789]",0.291572177791791,0.161620829338588,0.338961252419572,-0.169786109498629,0.138895707769851,0.182095185062511,0.38373258182499,1.12111456041002,4.39850863991512,2.08700100549113
"b_i[790]",0.0990040958783284,0.0587995652879952,0.28199352421156,-0.421401937930838,-0.022126745671055,0.0609056430114995,0.139780880506221,0.874488875963555,23.0001167071318,1.05555803324297
"b_i[791]",-0.24519986153899,0.0510643459036546,0.270852907255923,-1.04335493602159,-0.291409653455208,-0.220411307775797,-0.163405957989052,0.248192166699477,28.1339982751952,1.05995619651959
"b_i[792]",-0.435712291988741,0.323977530083877,0.719540919072398,-2.38415054715083,-0.29985169835278,-0.199243868733338,-0.0496788999020877,0.150623448418217,4.93266035815872,1.59740536489524
"b_i[793]",0.151714748784998,0.231638694648076,0.428353881899117,-0.2112718932571,-0.125649571674567,-0.0217365689806496,0.306988813465412,1.34275805247946,3.41966210836828,1.34303268324079
"b_i[794]",0.0845317977321301,0.116082514225804,0.513025949228955,-1.28764949774492,-0.047649687599465,0.190193964547182,0.278623275152768,1.32548589351675,19.5319252441422,1.06639283092838
"b_i[795]",0.302178439385121,0.201510687649556,0.39508564149087,-0.142519419337663,0.023608403860949,0.135045265268446,0.510722872433027,1.1961500234373,3.8440260572013,1.31435172326034
"b_i[796]",-0.0253432720126845,0.0619432904213884,0.29225492897493,-0.74099841316282,-0.00616954268711693,0.00746883693502954,0.0188761086776279,0.513294125307864,22.2605118541837,1.29630389136258
"b_i[797]",0.063712690422419,0.0464842238349907,0.266045231205884,-0.425300324247648,-0.0425825847148799,0.00365418479695663,0.0864521974220223,0.7644323053783,32.7566733450191,1.05583814497911
"b_i[798]",0.0815595150427259,0.131486574484288,0.584282897311483,-1.08618413611067,-0.010029152549835,0.00345945428706507,0.0237149647546354,1.71259600714695,19.7461997483377,1.04515399471869
"b_i[799]",0.186486769305208,0.151769980871691,0.523056078164077,-1.12500055562082,0.0602866941961798,0.170369134270423,0.219077577099685,1.45978686339477,11.8774920269543,1.04181340413685
"b_i[800]",0.402239903965669,0.0943977874306728,0.444826746730661,-0.516156657780497,0.278158319251827,0.387864166362769,0.487452611187885,1.73145338235084,22.205377228515,1.0534337264743
"u_i[1]",0.195604099093573,0.229110502030533,0.255904021746451,-0.0842194587133403,-0.025184982158135,0.0386645074396597,0.423609974921065,0.6934871344933,1.24756800562376,2.33781242364507
"u_i[2]",-1.13228814274578,0.268173209550006,0.283897330519468,-1.64152699170922,-1.3991813067994,-1.03126650495375,-0.869287363482888,-0.758066029675033,1.12070636440462,3.165532797318
"u_i[3]",0.173367975216287,0.298614957135708,0.314283118741394,-0.236056484510785,-0.0933664271177715,0.0156343893011221,0.454720131128889,0.747211085461356,1.10769193643741,3.21888522344213
"u_i[4]",-0.0879018819150614,0.249155817094478,0.345343261279624,-0.389488658037945,-0.340497921578917,-0.284964650562181,0.194966319634809,0.638227461412995,1.92114395940519,4.44695996839984
"u_i[5]",1.22073135975236,0.0577612845387876,0.237878780825548,0.723765964430909,1.07329498202597,1.24303254097071,1.3568741688878,1.72599259639667,16.9604637231085,1.21345046609276
"u_i[6]",-1.12460275175973,0.0457981679785263,0.137182875693503,-1.40131426581717,-1.21646613271183,-1.10654006655184,-1.02470060817667,-0.900628652832737,8.97229601973435,1.19424514319849
"u_i[7]",-0.526307271310012,0.110739778012027,0.124758519938324,-0.76282841556118,-0.643993140571571,-0.481129117697262,-0.41735393450442,-0.371184495963071,1.26920896370376,2.10847625868327
"u_i[8]",-0.218732809727188,0.901029470231868,0.903635847517884,-1.25496078315751,-1.11514687446237,-0.209760932101049,0.668138889281011,0.832289438109717,1.00579369945532,13.3086111420819
"u_i[9]",1.12104894780507,0.0598199099167531,0.218993809000118,0.724668089330956,0.979973302115321,1.10010766075427,1.24883891791021,1.59845064676722,13.4020787487769,1.46043160346928
"u_i[10]",0.190379298658782,0.306231773507234,0.367309546814973,-0.175599217463941,-0.106381806229787,-0.0360109719188649,0.474910642880238,0.933940370739683,1.43867909676462,3.68134199389876
"u_i[11]",-1.10170159917573,0.334656223614612,0.34790595780376,-1.71052884661347,-1.40832963215223,-0.996282698802034,-0.759886752143007,-0.68370119974627,1.08075168168572,3.8143064741601
"u_i[12]",-0.46897967550377,0.245490570315467,0.267671755667053,-0.815366966414283,-0.705632319384714,-0.553303276737409,-0.2381362850444,0.0758934866402839,1.18887300332384,2.56681789200462
"u_i[13]",-1.33927568425922,0.515615735793063,0.531434952843085,-2.10959937592017,-1.82393448599507,-1.38381059226737,-0.783209724495224,-0.644235213354064,1.06230176723351,4.67446453614253
"u_i[14]",-0.565115136189286,0.250516073957231,0.325477416486616,-0.967652365745149,-0.795617376029717,-0.720818007175067,-0.353194450269286,0.20872314045815,1.6879925532392,1.63239337255004
"u_i[15]",-1.39121098903921,0.453401978459321,0.461193857987712,-2.03596469293178,-1.84648234648732,-1.31504250137411,-0.929663395558663,-0.824383183676561,1.03466607142241,5.19812657548829
"u_i[16]",-0.986274857058444,0.189090258388981,0.218377574178923,-1.35855134003711,-1.14177398871585,-1.03158950461345,-0.774020149964389,-0.624002837584311,1.3337602319604,2.32574094465289
"u_i[17]",0.792199541953439,0.044388615724267,0.216017209648944,0.408655609559748,0.651365182658404,0.774611454131578,0.902486144953794,1.33069553180308,23.6828247116771,1.10294760261242
"u_i[18]",0.987507154045012,0.0357235726175135,0.176153530126763,0.653903272898683,0.887079868058744,0.96080811388157,1.06604607979001,1.41924100318184,24.3149248581364,1.09829942548729
"u_i[19]",0.237560348440949,0.182199135952706,0.342380826418669,-0.49317288504601,0.0228278465761934,0.254344518000977,0.537782471082495,0.714564559071018,3.53123195268192,2.00085448598097
"u_i[20]",-0.196836939265726,0.153859230760363,0.254378680575951,-0.734784261895279,-0.317406339611026,-0.104986054108723,-0.0161949757806966,0.117968145811335,2.73346997047932,2.93560651460076
"u_i[21]",-0.893689069293637,0.275652290785573,0.299345796047849,-1.3414118488162,-1.13884094588408,-0.982006594830461,-0.622208277447004,-0.41611602988042,1.17929678553134,3.53375358811985
"u_i[22]",0.0383688832237215,0.0588357835352224,0.180167614011827,-0.376259365493095,-0.051977846770487,0.0807631150606443,0.148490803847513,0.360822507416635,9.37713938094215,1.14534446190019
"u_i[23]",1.63554825139791,0.0498192479808299,0.239771216545304,1.18958101373109,1.49692019697118,1.63208332944764,1.76814155040863,2.1367500055441,23.1632640740142,1.09376293274685
"u_i[24]",-0.447231720441374,0.158214938564535,0.303254676152529,-1.13587687614185,-0.645328567148529,-0.298665991624358,-0.268460614286949,-0.0199332896514618,3.67383831235979,2.39064926489613
"u_i[25]",0.916880508497076,0.0867864580865106,0.228781213411331,0.552515372010482,0.737966234884978,0.903664434979966,1.06843566074983,1.40089154940566,6.94923165691175,1.3303887710756
"u_i[26]",-0.588622874738481,0.0380639830781697,0.106628212451568,-0.808170149142138,-0.664783464978647,-0.568609953945198,-0.509871957901292,-0.395838094081312,7.84721937834661,1.50529033747032
"u_i[27]",0.246252639835514,0.0588801557036062,0.167961292603843,-0.136135790861131,0.134399875372176,0.247289886737839,0.321523074733514,0.57479255535962,8.13730354818262,1.47023952757557
"u_i[28]",-0.322090112886721,0.148049994931971,0.287143901597113,-0.65988231278416,-0.50346674628262,-0.457942037965914,-0.160215145706173,0.325933481410956,3.76168478498584,1.8294313304908
"u_i[29]",-0.827307197049457,0.248690926221527,0.256087597655296,-1.2204982819663,-1.05856059213652,-0.84561402305737,-0.58128640638006,-0.477008590411545,1.0603694636042,4.1335625147223
"u_i[30]",0.527691220849398,0.282794308285342,0.334217954682038,-0.178876498247308,0.259770555932206,0.693591357555442,0.801407198640319,0.903592425493879,1.39674853864263,1.87106516015274
"u_i[31]",0.949630959438962,0.31280328820992,0.38564856042405,0.568487342296178,0.656113990923368,0.715015072372124,1.30611096079227,1.78216611310622,1.5199902759585,2.62034782938408
"u_i[32]",-0.587298980182206,0.0789411592931818,0.160749821440966,-1.02611542555974,-0.625663648589504,-0.539370114848695,-0.487975166057733,-0.354769262991235,4.1466177124926,1.95242833526259
"u_i[33]",-1.26156659412748,0.300107847680578,0.315989891013201,-1.81900225002957,-1.54190489707422,-1.17103088172377,-0.956187811641995,-0.863628503844111,1.10864288432861,3.78077275002521
"u_i[34]",0.970631307019659,0.0960591008071432,0.283980741672621,0.389186951772654,0.782059173620418,0.985126084102829,1.13713242262294,1.54969424963214,8.73978490364732,1.60064504677133
"u_i[35]",-1.05685882394477,0.127482754045544,0.160896354918869,-1.3654310993729,-1.16168634815531,-1.0682448403308,-0.934893029604642,-0.765810642214426,1.59290375668132,1.82203860853442
"u_i[36]",0.0730100837141663,0.297559437332179,0.332481318440839,-0.586939359485796,-0.222074634877973,0.269723286557225,0.360580284871357,0.445259944523528,1.24849566428158,2.91157120652214
"u_i[37]",-0.0927826880189646,0.314608066554236,0.340676016129873,-0.715026620893644,-0.428131461219683,0.142516736814324,0.214531631875362,0.243270995462878,1.17258251101124,2.64097180380044
"u_i[38]",0.21269438265307,0.166749003578831,0.303677525484423,-0.56941864942986,0.0740090669676388,0.362561300911278,0.407310307613537,0.517192928148777,3.31664362564689,2.03903035664589
"u_i[39]",0.924122691145243,0.0619622983143659,0.203455732626772,0.499269374703212,0.846085495042962,0.893763814572036,0.979881289216717,1.41724947660798,10.7816399785704,1.21376060072227
"u_i[40]",-1.08725545226818,0.740954212995564,0.753566404442427,-2.25217277777776,-1.76610043865438,-0.881843970337743,-0.351626466522596,-0.305021708454614,1.03433283937575,6.13996417345508
"lp__",-5152.97257292582,34.5852935855343,78.023081372838,-5310.09897895594,-5179.00921577103,-5149.74354922836,-5113.45196626309,-5010.74038149495,5.08936106026616,2.18802806746214
